50.0
353.9484841785762     196.80915400167538     80.33459350070598     2004.412701216272     268.6042642787496     
175.2843204225215     275.855971689159     33.001934832774715     3753.3996558360914     177.78250173475783     
275.09441198121976     341.57766441662193     83.7474197709819     1370.2734351396277     177.24977887017565     
288.2633430098525     284.3686575399882     39.02866820350788     1160.6685988346626     248.65357870214774     
312.2278401201853     306.15076704796206     54.72921552249621     2197.9516158265046     30.43777065868545     
218.5893957868015     270.4493669431255     52.922457595625374     1245.511259401026     504.02673910449715     
100.55941226222046     196.63162497899367     83.14084390330567     2553.476342220482     396.1613454082263     
376.09296338180116     176.2872526047758     47.300523498132684     1595.2539145691171     306.78172000847655     
245.84891914222277     115.79698104088402     83.44179007197519     1543.4241268295852     363.73157441217614     
127.78296404202939     187.1142617890356     6.176975376817917     568.360088287783     106.67729330367388     
289.86183539469386     311.16706072517485     55.72825397409164     1171.0500043691438     186.16841548491897     
215.92914634699204     303.90012437739574     40.96523734442927     799.3146202873661     475.3437285023382     
117.66867955317583     199.90251969297344     91.63130708398177     2031.3000946612065     449.65570376203374     
170.90860140367505     152.84006728562102     29.198645629311816     1884.1062031096792     126.40739182029802     
315.77665772021714     277.29437184384074     18.880085421535764     1251.9278581506783     329.8123189632018     
381.6758554307946     202.4871682295846     32.802372498566555     3603.7424511088257     426.21949149758746     
301.2214838984754     399.8075112779372     37.840038732157566     3924.383747192996     439.3537982902414     
195.7033172268927     109.85705308686863     58.65678050623283     524.1294301003122     144.31100595004904     
345.04285398539156     116.19112636351568     71.00178078310869     765.9406744243583     282.82229773439303     
245.35725999081484     158.0004002393985     94.94933313149335     3661.6392792207016     88.87766155265808     
242.5156621785238     268.1699425219376     20.36642652837791     2344.8103630342457     393.94751151775415     
177.88980278465743     220.7073110197858     88.21962310713107     2442.634164451838     231.81173919436105     
225.29418583260622     204.95651561361706     82.6557741855553     681.1344170463435     318.3672187103929     
132.69101121138442     116.17305753940032     2.923662261181803     534.6773562872817     280.54152720851806     
185.1196639366214     179.74070547955878     84.53947606914508     1449.2337092088917     325.3832365723361     
160.49791502398352     166.3003383701367     26.704611408168578     1089.387671437641     146.71467253145164     
107.50094870528298     240.07155614803548     72.44878340404381     3508.0734411465846     133.6574216939149     
255.42541393774502     367.21076384801444     88.34638560031661     2368.8138768339577     429.06833781680655     
299.04979428468494     373.48776211021493     78.43189048303726     3727.4650689855175     383.76165404196144     
329.6836261451057     109.54549246169493     43.6543633330296     2915.4445577684987     344.1669821677988     
390.8702442409239     352.9038216263267     15.856444080935228     574.1564931044254     379.7872346959971     
152.57837843199334     353.9986631683737     48.36748013908807     961.8324867340624     58.557591343882564     
199.18654074617075     388.3344196108971     69.0999457345174     2933.9497967454795     95.29093204374635     
316.94701762893555     112.6807917981636     81.83360351647006     1930.2977992646881     69.79283263945132     
314.5548026242842     169.94180496535193     88.77056758029543     2549.780109871783     194.20890063557619     
346.8375251987292     184.47335654302742     54.814124822690935     1471.9659283918263     418.2039310750405     
143.53621861540438     186.71028588814778     99.11393132969275     619.9607442334429     293.50399870429027     
196.45980461057644     221.31991205808953     37.72429999008     3792.8642178443515     304.76821723838395     
367.29761507065876     272.0646915658191     54.2925626211559     1761.369079593846     145.72843131598626     
280.8764631320471     120.89823836459715     79.22687011812732     1073.0028319120183     169.4103247475523     
365.6195796285361     326.42217674738754     33.943701127481496     2677.2600993125134     12.880621490444753     
259.39623014444146     162.5165598372203     60.80334704688819     2842.0504740694755     491.10137441398354     
342.29215575495897     353.1499108538266     61.15988194458931     1073.8505686835288     508.41402295551904     
341.2137964018543     370.24585368563595     1.2184219088916537     1026.8130106169006     276.67716358783406     
218.6088202485097     242.0356810505501     24.689700560649253     1731.2269490363415     232.51492174070933     
194.7198317068145     347.7977926267861     0.21906841616338157     1755.3604787725255     483.88439718429726     
330.0650240774471     208.69155549924454     35.180588325179244     3107.0840704917196     119.30782717787184     
204.4871087016663     210.73042181601068     96.98429105269494     1419.1224453350626     350.2827579817599     
291.5492884800815     132.01687862181973     87.70061407405952     1633.0693617697393     167.9688764609599     
287.81225025082676     225.14513363793586     33.439966818986456     1666.0962113765347     111.78161165073334     
