50.0
307.94857969605755     192.31337252952198     31.395045020164126     3775.6865583267577     310.4846226556044     
377.97871015695904     339.53957777720507     30.469709878505757     3187.6271311135138     190.68173182983588     
187.90048970116175     108.27269586031207     78.53204635260518     3427.7736966998114     484.24342851930066     
277.1891660740798     160.2231038184598     4.252842208981877     2454.896447680745     29.766892767522847     
254.34401719144856     250.20146261535757     73.22259272326363     3821.329042703166     349.82361948942525     
240.94113724589903     114.79674483383046     43.614836993802776     963.5437708737535     44.987957638371086     
248.5516982787251     295.8483650368365     62.42227887549889     1603.004909032438     102.8127555914221     
332.37868815763414     109.35973235627992     17.59081348265473     1815.3997507313622     303.75113508204885     
153.87884931171044     184.30846455501123     99.22984607827935     2237.6138214010734     228.5813692291111     
330.2287608193583     213.75505647773844     12.430117577171806     3027.077452840425     307.1316229918159     
217.55362164079122     246.0873795080273     68.17287362848872     2762.0649997051696     118.86100684760555     
398.7796080106043     115.3046617170384     6.025208758146494     1592.625150687079     351.74219314270897     
307.67749846648996     184.5204809958116     77.81402054079973     3629.8749103994787     457.9406201622626     
220.9433803736925     232.29663924009722     77.24034393422014     1214.770468592185     377.36339536193225     
368.906643125831     207.51111796042218     50.194835437348104     1095.0665857692834     286.1104065723332     
194.02806219957418     338.58906454897016     29.016369610946725     1144.2943139447866     47.95001040064909     
214.50314741554047     200.50357223789706     20.779104467679932     706.702541770816     313.4605806101416     
316.89335008455413     367.0824923208662     95.07531880344008     2180.390102170724     155.1846334539876     
347.3945824868433     172.21015571537532     65.11701385093764     2202.1719544520465     429.4024211661887     
127.01397584622536     207.02979102541957     10.630803316823457     2953.7164497341746     20.33730694854836     
332.99464802506577     159.39322591575018     32.88199804287899     853.2756797312702     78.81990518956627     
364.02456817454896     215.44319415532894     61.34089485673778     3667.0506018537976     92.30925668569438     
175.93805800407722     128.67811256815375     41.25361829602171     3830.8915382994505     197.082524738664     
197.16290947342077     108.15843830842601     99.49485133155622     3714.4873978988003     23.889262173566976     
110.37751999083446     136.84368494749077     29.414277529334154     725.5246739267807     511.7534117998466     
154.43976378593874     193.0452800409215     88.84216400910302     3802.190848535184     500.9325874116142     
307.5758069688004     348.39321794959585     27.33929751824473     2798.5114916135935     403.21161932673886     
145.30932080771248     172.7217518924775     30.35253935408203     2044.6652011683389     466.8856180296638     
398.3857001406209     244.72760068214765     44.796225781311506     1015.3764784814847     472.0734100398517     
382.2457212393674     172.93121707962794     40.40211836157849     1007.9210407193854     490.32312817638535     
294.71508269845685     394.3892954661798     41.79954251864393     2844.385552723892     286.7448146441493     
353.28955235347007     296.16174323494783     24.340015240906055     1992.0270948649872     460.4408823923301     
270.78308628738694     382.2724594373706     27.523127757843046     1222.3949703817843     334.16600404180406     
392.8390920187919     338.49595278009383     75.0885390072361     3222.2803857939175     279.2525564966115     
309.13196901912363     278.24116776034714     30.24986508730134     2521.572857920664     89.3180030991345     
274.4413333934551     226.13653786654447     55.42106289682439     3212.229698719381     152.07815252381022     
359.9012109022405     165.29138468918634     42.29205780423033     2686.561771339979     416.8531717636622     
131.9876549109952     291.30263417995513     9.956537516478125     3839.3490789976936     326.279880038557     
166.41719338903584     164.44845724001607     28.46800184145202     3586.4252013194114     419.78308258158086     
396.63040782561427     134.67017509488878     28.885155813730133     3281.281348448581     198.60234768009457     
142.01187415558263     200.41203841542662     78.75070872269822     2790.7511689255853     106.01121643812104     
250.184927876683     162.35516595131145     19.233563595591775     2597.9356247610685     14.40503291824922     
288.15300105452803     228.13491545805417     20.759223378877078     2678.222220043775     372.13224870555786     
393.23327119411334     393.42200372694987     64.39158433120173     542.7041199403701     280.038276846526     
223.13069540174604     207.82837986117772     98.04804189037145     1129.6371842433089     347.83615047855375     
251.25211260489752     342.5349313932157     91.01832719208619     1079.713558154012     385.10794052541996     
374.0715440212535     213.28941674864478     79.43553627676071     2898.8250896234013     477.95214774948914     
305.6887350176006     279.84355561009437     50.750205447976796     3188.0986253104224     322.8994068229425     
208.0000445643119     117.09613133916969     33.22988002896312     2064.3290935330156     505.14664665547235     
292.032468773663     274.3738966357073     37.83456634092895     2518.207092878214     423.28827555786376     
