50.0
233.47876616727677     277.6384347720366     17.597809014998333     1473.8555445723484     354.1574658367181     
153.72563212436887     129.75636478580515     8.114451957204437     2291.0186662030565     472.6628619379076     
202.74766523358187     269.1360168732609     8.902324763566515     2506.25011586487     468.5952173663163     
383.56338306259806     324.27819708775314     80.73480891679836     2242.280119645501     161.5280983264289     
186.79481450212143     174.94680182501492     97.54062738096282     1194.9573854188675     360.51743349544574     
160.02734984080794     135.97918117228892     91.06526695438144     3774.1391757119236     323.349054075672     
370.1218034302483     173.4072755331569     61.15426416287384     1931.1033121255855     266.6746853269894     
225.57814169884472     373.64285710628786     34.60768015915876     2017.0533414557021     211.78961853773131     
109.07661418115954     304.20345544688666     25.585451223318046     3296.4004084229423     4.817879905867585     
332.8125409400748     319.9945375009271     88.89483200376695     815.1661001045561     194.13272724593833     
288.79510310475655     283.8818438054327     8.203490012535031     2460.051220801175     360.0013157370154     
336.9410011543905     308.6458657848766     53.71660831249292     3083.1314199264625     304.47774825368634     
162.501491925004     386.49726644873476     92.11490638835099     3584.894162523205     167.25462928154133     
345.75817810805415     323.1039662359003     68.10302873100795     2608.8730912183964     112.83414012771851     
397.0522192164371     290.72963687448845     31.414263181462722     1127.9412747110619     161.62452064464304     
204.03612786891415     185.33779979120226     43.36988629203072     1801.3488674228925     315.38270876347093     
315.072559084988     325.03399174948476     43.599068507714634     1702.0921437634515     389.41673710087883     
219.4406802378322     106.63547534484336     40.63233948129338     1138.4912208202006     381.89624755850383     
102.16487631700934     156.6954970124573     22.021320483694517     2432.388584268622     202.20535586495407     
268.3102877035584     225.25422269365885     41.86472869123231     3843.53287339805     3.188291342050263     
100.25317376046651     112.30691616549768     62.93986082075935     1530.290209517698     76.31911205578785     
204.58067404739813     330.5155429312288     55.77281469000831     1642.5737097949473     184.99202189361165     
396.4019706357531     365.3680389114097     70.34464305798636     2622.605018537389     339.5629552080845     
272.36109699252205     271.8241231097149     23.701309291858685     3515.5956300516673     7.360732474865415     
275.0758627401741     271.5626994240687     82.03144753585073     3043.352603562302     288.3885987785182     
291.68197079054886     372.3215127724371     52.091391906632744     2853.7446861913895     227.02689955804175     
213.8954473648472     349.87248427684983     65.01103497548455     873.3592674754034     71.08865737657908     
183.18695399714107     382.6916372589012     72.50901312926521     982.5386397577216     80.65916736616572     
275.0379880481075     335.04956208879526     2.650473836120748     1126.1057015785564     408.35692809623777     
167.42294970561625     141.62077791563314     89.17622081254355     1982.1564848538765     422.1142685340693     
381.50815527349323     237.0430364867407     43.18899268946367     1722.532602008733     306.2310002293476     
150.21279842935098     399.6229962327123     8.758662094852488     2158.964566536058     405.09580500376677     
347.98332991293466     319.6404543121036     85.48149440989864     1201.3559637525084     340.51346130589104     
180.63914688494003     254.85256221504264     94.70930726373487     1447.2413267745283     244.60232139331146     
186.67438802844026     223.67339441542913     36.84719387431707     3615.0885483564575     32.75451634417806     
371.62381076842905     259.05699168441095     55.86977668504116     1895.3917958543493     320.6739078299736     
179.93032329308366     340.4044253997073     16.39924513855755     2991.4820329759705     24.270922623997706     
145.09129114071305     243.33227105001114     68.72843434282004     1938.980064874769     54.73023892443615     
251.8828394840711     254.86177914783548     79.67596993538405     3782.5065453391494     298.9756908556913     
130.33211723333488     174.61927772437423     67.48204236722013     2254.2410795320698     268.73171924674693     
303.444594759336     304.55466116311527     74.07093175465107     2401.219722659619     480.4972843201921     
292.44341447828174     371.15752384215216     83.91194962101875     2514.4219072811634     294.9918994592593     
269.04602891967295     199.75994282246387     74.56486720916836     2494.835268683373     154.67907255724032     
220.5695373148979     238.05732799821286     18.445258293528276     3129.811109472233     112.22052543381119     
103.66489590023946     151.9323086162838     3.507971464887283     2339.8001374885366     85.56687860070326     
396.9811906615311     140.86930802796596     8.317757930499637     2106.576246073506     389.7853046860892     
207.44940000655868     317.2036652625584     72.40844664172961     3452.4998501210175     117.91660582487094     
217.64239424718028     347.06476611718733     82.49229733386707     3723.887313243648     419.74485828765165     
208.4785645344802     353.79060659991865     46.38819943017104     2304.0204746807185     44.58381928592803     
223.5811422526737     362.6708402719805     55.23037328280592     2541.0593121771376     229.42565117164537     
