50.0
293.50486241915576     140.46818265812715     43.954126284332816     2121.568926271868     373.2997330801965     
334.04584699728935     203.72367159166913     96.01453179106562     1025.153946531096     356.550720725197     
256.5005463557512     204.9010405550784     26.344431269947812     1476.515505294773     198.91657701915454     
325.5072099929364     153.03761325509834     18.690317079106975     1972.9576245940134     56.26321977036088     
187.73998599479694     136.36124550576406     62.65647098755006     3630.931824562771     142.7800836178153     
272.76978546328877     168.00167825791038     47.43945626258531     1093.8031576850544     5.9602551346329165     
396.8040627700986     121.03138402338521     74.52081622121865     795.8646045575182     72.88628493533497     
107.05675698676987     125.69985517474248     27.369935633334606     636.1607916708922     496.0843561662802     
160.51027341220777     248.37586039688955     78.4214902836301     1818.0485376677864     484.76108982112106     
117.80250723079585     353.09562849431234     85.41099823522435     3979.3783693600817     333.4696166947887     
174.355239795944     261.0300729039369     52.11667513138431     3361.4447093537597     197.8274528299375     
362.8827378380819     216.23904225550336     85.15653045018196     2385.2347176304092     74.6226807758336     
103.78585037582917     351.2701278463211     22.91440091747824     565.7455659601941     443.9504496148235     
117.61630581336053     164.2570877372667     65.19625996984134     2154.2266329761787     477.81309319902675     
222.31102651887437     340.73857539309927     7.640205142028467     974.7217095633264     172.26344630940076     
293.92149162038015     313.0964563172369     58.49883433008769     3223.6812182267586     65.79187119453292     
152.9897789447521     261.16005480533966     8.108664061227323     3544.5547082824182     312.6616281260219     
131.7534609826472     186.59380714084656     88.85175607118624     2822.835637116602     78.75628697219668     
280.54046084650054     293.67183521670495     2.123361495330145     2766.93804609711     459.78886131306075     
166.20484825314352     378.13492288417314     24.723301866299597     3990.4667182308744     379.3835580416923     
285.2222866651633     134.34679393745267     11.546222553114172     2392.7786827712807     44.43921297598803     
301.02407679879616     243.50383659207046     91.28847540452901     1922.379710311543     152.8676868136845     
214.69258716624606     318.1698636675938     89.17660017473436     3337.2655964213027     42.546728040337484     
291.8380271153303     334.02891274212527     80.66507080434548     3193.898864771244     45.411398142338555     
315.12860387536523     386.2475688179658     53.75406168635178     3276.823782625777     141.8450357899589     
277.538459632152     314.25379008770983     99.35950382592195     3802.205249437401     1.048488484272582     
132.84533485667677     177.9278849468363     46.35064645879062     1052.3771178035547     391.34298127846137     
187.02255359231074     176.4832494566632     74.06054488941585     2436.6347749153133     385.5025509986868     
278.2021531268565     325.76428816615805     56.06475398276065     3634.2149615397852     327.483042492424     
130.12279293405754     248.00282152301784     33.58996614564445     3864.528090861383     59.52393345153229     
256.47064458037823     155.29164215683807     12.89864193867134     842.8095055822296     431.7262924292319     
218.91298225941307     128.80674926530398     60.18270347525016     3854.475492444684     27.289569212941956     
268.17056310116584     220.24772244320422     10.936339346605518     791.8421434095217     115.84101509600168     
319.86602589231336     277.4919827564314     79.29791439950615     3647.3449967809397     362.4991292778509     
302.7439934590465     237.466231067825     65.6922459438731     2307.565025874462     353.86123465249887     
143.23329885973598     370.72238607071574     38.641589308521226     1963.7680980646103     442.255942323066     
393.84229782356806     122.91479341092322     31.339540905553033     1089.0020453955294     84.0273699783807     
116.62010056316277     173.41149831058186     26.60875506192507     1451.1681332041483     217.18255444470043     
207.3945748250448     343.42344117071707     82.3303421220803     711.3474804336435     210.52316868133374     
271.5901700467333     309.5262665162504     43.33888757368244     1956.2778885478212     147.9883353053546     
241.39706976806852     108.15025022868551     70.87793562884993     1118.6833630282147     87.98105400998247     
200.22489213592837     290.12650458018334     67.2446780730729     653.6709442113795     480.3803581760184     
361.33518787568124     173.8043882855843     98.3892609141389     1528.6543662845986     32.04277395183556     
191.30729359593926     319.81298683502786     42.256906180725785     3296.314372032142     248.28880753317446     
270.5839063636602     370.5736832071393     22.029430518866988     3731.306003918271     103.23272461988876     
160.05346260347386     234.98478712762645     39.97444169894676     3320.6899346230853     318.36466838081213     
350.2289504907907     287.50087142856614     64.29846705185105     3555.6433478429058     251.52837938446606     
191.3665419335968     257.9655306443264     53.07860983311099     3962.6858272875825     21.09984848023231     
237.64601690167305     251.07666582812743     6.2449581691160105     2522.7631047517157     65.79536076457731     
373.1723666966205     146.84797179459662     36.237831452049704     2608.25669149976     344.21879256997016     
