50.0
126.75307579038576     175.51046222376587     0.3667394308726202     1453.081516615521     238.64414152623806     
264.3634572118773     315.6917282009015     31.224973103140428     3235.609284935823     395.86987411962787     
193.3457499493387     166.1710225541259     56.41841030161776     839.955035232919     51.962578666725335     
199.2380710862409     129.20350129572438     43.425043563281626     3545.832022746153     150.12699088160406     
119.77174639311635     203.24010897886524     39.38961438868767     1692.5114226856595     446.72344210934796     
380.9807341227415     303.65475430148905     38.094593986591285     1423.4175748185712     102.97699547891301     
336.18497997219515     250.14985594002258     89.53860850089896     2430.7558839073504     367.95645083924484     
262.5640874424149     357.733261031518     40.62732271683935     1492.9547021720057     330.4834542738389     
399.9939473281686     191.7933675512375     28.758572136819506     627.7514403432251     28.468098774785005     
225.12059536993183     287.63919738621746     88.07856517364768     1435.246243936158     132.85408485152567     
125.63223407670235     320.0463267790745     13.090254607220796     1046.367017970106     385.57518313379455     
388.3740088751106     215.40351518903947     20.801050022803558     3706.734007935064     271.87664887356345     
148.00067786362382     269.86567641146064     28.007141847335838     3046.8858402584765     238.41908359424224     
217.82800142100047     136.0125398964512     68.79744561884763     3360.8061233739595     93.21572245040431     
316.90947767968044     135.77159243322885     87.82452755233848     669.036005252794     50.35707684265344     
162.93981797175022     229.98191585055164     17.511728120605486     2162.790895426253     271.9893617404009     
365.5756050146303     361.39431775209823     54.52871352984005     2891.209304879697     373.7803424857752     
273.75984989175436     328.34148695658916     53.8018532460858     1010.4240423740812     379.9764858354955     
174.64242347495815     161.37135923791777     91.41598867887589     2787.130970269443     32.34328215574419     
175.14930043251326     213.84259961259846     28.101345602154403     2511.546063145339     151.76846988539688     
114.96786152684346     276.99149297603174     75.38019569059372     3396.8440716368623     380.50447143483984     
121.3491519141962     399.0778634730778     95.64985905577078     3615.808279832548     11.672742863247265     
377.9458051052158     373.5643778509221     72.26217134870107     2707.635693199354     146.97725967493085     
170.20476366381206     277.29317888262676     4.579052455870158     2811.9758243968995     3.701496267034088     
276.4415301770092     239.7003902400132     22.70597170536961     3921.6454403214816     503.6660558338447     
308.77837412699694     162.84463536807905     7.067751626617557     3006.4588266463525     402.0353027730504     
387.28150608698274     294.85517117302567     33.350317963724784     882.7826795661979     435.42459305472977     
350.62238679892437     198.06694936918728     71.28080823241471     1641.0901356620861     179.43927041635885     
327.07526195489913     342.15384922638077     38.37606984578961     2725.8138326118737     225.01313705354238     
122.04072301521177     354.0216028915214     44.99213696744404     3042.712580491595     418.7285620589135     
256.0820164548833     326.3765310156391     9.451166064500304     816.8510556613528     70.45388525639828     
239.82453343795638     201.1154482435055     59.34009624304437     2757.3405706525596     286.0304440092878     
143.6775190237891     271.9609522536862     94.54566165963192     815.9389554115417     133.08765243281232     
377.98916074093376     308.54520730255854     94.81088400040841     1095.6915308524458     218.77176145692238     
137.22173395247373     250.05112121136332     56.075453967019065     1640.1475899219893     72.51925466416685     
364.92601700865526     190.2388229739417     57.09389600190299     1122.6302176684476     182.5334479776517     
341.9604076591828     266.2684202525652     31.081352038235742     537.8858690621571     13.805263700834985     
276.26893907382964     170.42670467338465     12.76493128288676     983.0747409304971     149.65806187961442     
260.8831922118916     298.46994710313515     26.92958877870364     2942.5646946701736     287.18519575198803     
290.9988338469693     169.86887417058557     12.755046559439354     3573.437704689539     375.2715135803782     
182.76744413640256     364.9394264086727     98.16295060755434     3913.990663029858     171.88528556502962     
199.4007111226735     219.45785754780673     23.242555109938902     997.6412949017586     123.68692320120039     
346.20548493874185     154.06910674387635     78.03270603161286     948.8526016262513     117.53429791470342     
249.1585256915367     101.4718889371933     91.01421187856603     1276.7825177764971     160.49638636057068     
304.17779731073836     224.66370945511784     92.85775200184165     1764.4681767421243     108.02137506479488     
140.02721684835217     389.9130531665311     84.5921736382955     3002.933857249187     71.52553915840491     
354.31664836976347     336.74491311472866     1.2081386633612023     1591.865137243554     75.69850968086564     
245.2489179951766     154.56576584381835     78.69173739738387     2311.3477958438425     381.72633909311173     
275.71207608807356     133.5589395454405     32.07756966228753     3431.7410258525024     383.1835484808298     
308.4577457727446     182.77170675656214     32.09933028193221     2017.1713985065928     495.51487534747207     
