50.0
345.1931010052891     259.97465045888396     31.831681552056857     854.326693397493     282.2574715067953     
318.30466635473954     320.49528428104196     35.34130490322437     2537.5065685157624     327.1888417882984     
239.13805720278242     132.07797145242193     76.37233171489981     652.282530316822     229.00273716660035     
143.9911112647635     223.29158814135354     29.78427439113197     2770.903610461193     105.99817238004539     
319.12473926930335     154.54410539684847     36.48933652907975     2150.4314617406735     393.23999098352516     
316.8770668920754     180.0643433435912     14.71537043416199     2929.9463773554107     135.9941853749877     
110.83526320950384     156.75639468155134     90.27404976897236     2446.0100653436984     193.32604192209243     
295.413699143935     351.519747011689     15.321809254473894     1909.0032376434458     33.854742722728304     
306.92759416736635     114.90143818276317     85.54887829886769     3028.22147674445     41.69956551198766     
395.5536704960907     228.09680053009433     70.13294926701333     2898.3462156331057     293.684383238755     
232.9195324171487     116.56644050230585     23.136583229954113     590.0818000251492     281.1538643855537     
270.6441007955072     323.92074864950763     94.84596700815274     2664.1842063885097     67.50457631185708     
391.10265090456477     228.3020538647663     0.5047294514451739     3536.0217831848713     415.9266869351124     
208.4236542074389     231.1323771774298     81.1579474478236     1877.0614308013867     409.32254666391583     
188.45977015273033     135.79825687855796     69.3805735076791     3535.0461858707413     389.1343213721412     
245.5504025055588     122.1240374380301     70.36236656842406     1669.6658409469624     362.66195054706486     
390.76686908730386     318.5064760983515     52.46647535489664     878.2164684731042     448.7662791021926     
239.57531795434537     122.30314947668995     79.97856761841298     1673.2176548773068     50.89402455997924     
391.80803293436844     303.88266747985807     99.50592982232463     3718.1923309775934     320.80272072082073     
199.97450747327923     102.59234765820355     80.74136022043305     3973.3654685096108     504.0689470642708     
379.3703178463904     393.0917411521691     17.534431771071347     602.5177768743813     14.51875191812536     
170.30559955331364     395.97272543336356     66.2947682327147     1874.2239089851203     69.71490881790385     
164.79989439272137     280.60867531260135     55.38902734861355     2439.6919395291497     474.19778263238095     
377.7400730276546     198.93313804475727     32.13173263628338     3656.1026520711616     316.74600545617983     
252.71641188693005     348.71903603063964     49.94950474563468     2184.676987828165     299.7908106927574     
302.5615904930072     260.59025707034107     69.7353859830433     1087.8124519301455     367.70042089568125     
255.26089487303074     246.94214942058431     87.95897730090073     1148.6572964726872     251.02901675102214     
395.5666080595333     259.31544786408233     80.35506467827548     3948.3076132471383     313.51640138238247     
130.1924827044241     181.79098910874615     9.751365008998347     875.3062920317109     301.6240535337551     
335.94981044851943     249.70749649872675     47.051694021032986     950.930488957549     369.446294871357     
184.38812811967918     108.40064424108432     82.23895437095695     704.7119752293605     450.9736313127376     
124.93467320744767     298.3836796954828     58.045091483999876     3933.6586481162985     265.0077823561945     
259.9106587681477     220.19385353203762     20.839076906674702     837.0554765130979     390.72954125749095     
373.2858500283877     292.96233112103914     16.27544633931287     3503.4758369644887     417.5762501851323     
295.8069051596344     362.1385006960475     11.711217518112838     2305.183683114432     163.180779648856     
134.5210571890203     268.3526726820716     74.5501891429358     3236.1782764384907     390.8339364943012     
158.1271515066652     106.95650364040576     15.113529485674404     560.8375653473463     486.15649124911477     
154.16853449751335     172.56298862937524     10.595966730819528     3354.414731311143     490.3087475844567     
187.2074070515014     339.970660432562     51.56205374890034     1939.4155631339158     499.5616698117082     
341.27231704339863     351.13661395985196     67.49614371045705     2317.2991725495494     147.15974090910572     
144.85098270193538     228.66981352698147     38.791137473885215     2307.1205788708376     468.22307466161914     
187.44972481239873     136.41239420016007     80.90217375140213     571.23337019709     116.69604765850079     
135.44708269246524     337.5128422810359     58.58560790575535     3949.953237669159     402.94322168786357     
175.50898330161783     242.4070182588867     51.41014332985011     1661.2658406951239     366.3526603691672     
140.9710194038115     190.396841472005     58.0134346914545     1372.5007224657463     281.0376719498311     
271.7322414817297     306.49262962702437     87.7519025123227     3898.971484477939     169.4888141878156     
177.8598795681953     234.4397846257224     94.37318576233272     1545.502099733459     203.66377991664058     
319.65224575480175     239.39326365287025     90.93595823268281     2200.968396080489     20.92369458316267     
267.5234143355534     294.56579030569605     2.537361496234891     2832.8504986997623     264.43849169784016     
158.16554392226038     310.485069192749     0.9722351125344475     3762.253050968889     4.079262219750149     
