50.0
371.6664734525776     301.9236646731191     47.055764333251446     884.9065110944023     10.010900355179274     
336.6797143008155     360.87226716954314     93.34143615018316     3744.579878184486     227.5019812883421     
297.570093684643     379.8922438589367     22.08981182640086     3337.6144924514397     407.4739650627073     
367.05727876077356     108.45920824786364     38.284283635351876     3428.139083863512     246.80027300384785     
375.04238002925393     246.8847825211173     33.683657737543804     2644.380318731984     279.8922927228452     
287.1556177777469     220.28560857960747     88.02460465855282     3617.3580930993403     72.8198004904553     
359.5354745913252     389.039449736474     22.280032146136108     2094.344852588434     349.78596628663996     
132.6864677417331     129.71720880362963     30.218458445960806     1598.121367330442     359.0998445557455     
172.5116670173104     123.44553874502274     29.469522545596938     873.6636407164901     295.8299315985046     
244.69872994045565     320.509245563045     59.380943256430605     2880.816157621561     475.69806061864824     
146.39904176633195     147.37787492824148     51.29445389993007     1473.5773898882253     490.8565898804311     
250.05649761385033     307.34068986046486     43.680416417563464     3460.399182813278     125.90831439529006     
230.09577433314507     190.21245619802778     61.909831398675685     3044.614806895112     3.259151765296565     
195.11638957568556     157.85819952890105     29.786631378628257     3068.63814261682     346.63243856860066     
121.2307965564481     161.72110238774843     59.15604782210817     3211.9156075796905     106.33574145014472     
248.7345547820537     394.0627579487545     10.668989911057858     3867.560358732847     150.34546342831703     
260.12293876952396     167.51166324049575     79.63575173897259     780.7009356724448     364.7337026635072     
313.7864962766826     246.04300323669847     24.92601664514884     2229.9375886372045     202.41618461213682     
361.594379814977     196.64508303850505     69.41148033258587     1109.9829170050157     297.80365264835007     
304.7175055694855     192.71359669721556     92.44719796265635     3188.907584337742     301.64841070678494     
346.2641852146747     364.542394224587     59.18978730366803     2354.883206580998     290.8548064093726     
345.7539094441545     129.4441912201535     68.10852423509101     995.7247389628074     50.792992200069875     
151.63965887487785     207.50254441482184     25.6323389732943     1841.290645752116     231.51559255852942     
358.47992691599933     310.542241235362     37.49008243858799     2050.4921948146975     21.946817431872034     
336.38840518272525     244.48128295982835     58.09805962082751     1413.5891334683547     84.14804057597678     
306.3918494023542     301.9456091779698     12.54763217593775     556.0716630142575     129.70212681906742     
386.9531074950693     272.9161236174056     41.59880130585992     739.0768946005186     3.0397221089102686     
220.33974836375728     114.84142469051206     63.6021697946182     3497.9252410763074     125.1381116735709     
284.69110394000325     303.69409074178236     0.03231635445392067     2368.4069867485878     491.4035321435692     
194.70283474387782     210.09519649749907     51.32662346247193     1872.3035532158965     306.75645211730745     
101.69658270879563     325.90502080293436     70.89141122738418     3876.5319234170197     484.55365618767405     
126.65154774648497     144.37668129810572     79.56406506789568     2739.0541170478286     476.7534798798798     
364.2971795640524     364.55130650348997     44.750239020869174     1484.5394959626046     346.49521457277194     
106.5484716053507     366.92098803079085     59.32664346931434     672.6612609234003     203.09401345565277     
321.9987833243378     348.3271461717367     55.07374265133704     2710.4129643071938     310.0652333486915     
297.7400383959018     358.3673169853968     65.28096961225035     1652.4028387335097     418.20520495918163     
395.65960645466413     264.0589282037048     40.52217854174508     3891.833210501413     88.19464407885721     
289.6875985473628     284.6632842954583     39.06835116166262     988.3776907369304     444.2437992326212     
178.37215518255155     368.2211131444032     81.23069696690666     2372.019519172459     352.32335665232705     
145.26354149307832     116.38764830373664     86.14415263838053     1510.458116639721     297.3059658935911     
344.5716166806716     362.6055654680511     79.89701072565889     2050.348114271861     355.99518489197067     
196.4666557200141     250.99276440260547     63.219231136146604     1179.9829996839474     467.14624454893044     
373.1117307272193     383.90970914292296     79.33423903144838     2362.8359468994945     291.684310058723     
182.84961552218758     278.5531952717977     27.179746358881196     3864.439810874817     125.45072159710759     
236.4812730193047     198.5918786857406     80.92927822246901     1617.9645083127537     209.46190617402675     
363.3464414167871     323.96782444763585     30.44444394885055     3080.897675593016     506.9691454969302     
396.1908319622507     232.37898839089783     17.74041490823968     2444.867181092639     283.69929031297295     
109.37232787468824     295.72752415129185     95.5474742990989     2769.1308209276035     320.3518583642707     
211.04340743420533     375.54815512492206     95.38433468586265     1692.4225399780923     155.12314690026977     
279.16391739972175     106.043031579496     78.32982424189237     3546.99454736268     205.85966381177616     
