50.0
171.16957709977157     117.87210839275555     50.7088872974991     2719.4626981622396     286.5747568889106     
201.68189604999748     362.5349100671814     33.190846714132306     3392.4944819826765     9.843292972458869     
316.01214793597853     111.91451726789819     30.46989063828487     2830.992219657333     191.10213628087286     
169.1727748290313     295.98809275898225     9.634707844879776     3760.133220523298     113.70081878362924     
273.4063684197057     189.5420021332205     14.788880093587053     2827.255855491373     56.20160163210039     
119.74699229784446     277.4310579796685     71.57806134902552     1155.6895450820907     487.05144274071034     
318.9324819341069     378.92600938058297     61.910950356656556     3177.557145573008     511.3897574506541     
150.21514597707056     151.10538729041565     98.92507656003143     884.7593433661441     51.366788826184234     
243.15860286902733     149.01355080300652     81.60037100818501     1275.8320036536284     370.4456055051981     
251.6204402674521     132.40138015421044     61.9173716773364     2368.0715120315426     398.497911500223     
203.9646497516245     146.0795198729167     33.20791185539339     2896.613831351054     74.71213006947659     
129.75585094505425     249.55982598711023     87.87125514355334     3730.5649239046697     383.92466519286666     
103.39644993068305     106.10287800728035     89.9541445743929     3902.025694686562     464.8838823405773     
150.25443194789094     100.91641238842712     19.37999423416895     3368.486988586807     101.2747752954026     
265.28446204578273     358.18344962890404     3.6892631327474112     3596.776656912199     420.4072191660702     
387.36649035453024     115.82112737467894     71.47403825060067     2649.198298151152     412.1427044727923     
187.2812308064866     256.8034043621911     69.3560717539779     3850.6103133172483     399.77788700370496     
265.465913820178     266.8509260647751     71.96901540873222     3526.343381042518     303.91186047317024     
197.4666815836338     240.67195513533477     63.63346783162995     2109.7571423369086     352.33534189988484     
313.7835161490515     310.1402329436876     14.309117305527753     2993.8060468061103     291.36411637710967     
104.50354113002777     305.65451695522904     4.589209445805498     1000.9725438093302     17.123583326719086     
384.70344758791316     249.40542456223187     9.48023876514611     845.5532312194637     97.84660567020609     
170.6947838281431     264.79565172091264     5.75189547672278     2592.4265315638722     441.51557351039185     
214.47241464127612     208.29647052222455     69.68259169149891     2131.1520626458955     421.1587527826584     
249.33845999782815     364.0550563651649     31.26447934643434     1487.22091190531     238.0811410428849     
131.09126978740392     171.7724793301694     25.889638679226902     935.437029825144     100.62085708576495     
387.56656133724255     165.87960775890264     71.45899739080019     908.248882430387     217.11815687194877     
209.65208621177422     247.90311053320465     91.4638902192519     938.4537432964639     143.49093212559137     
240.40493933236763     140.36325558297486     68.36101720294052     2431.523175780363     228.8620591590792     
361.05707656899193     220.42003460807518     59.74810444994334     1112.3013093025338     369.5079226490425     
244.0512216865195     125.1680454119617     16.67153580016144     2081.461887206621     240.14097803605722     
259.9512731236573     383.9928116880737     22.91311465593622     954.6603075720559     476.356462601536     
340.2221163987266     388.6990542152714     31.37500752067147     1931.8571906171803     419.65199417398975     
214.29924127395532     289.03147292146537     38.043089818577     3875.391298700076     100.77294775162909     
298.69638634872445     337.78690399274467     12.288839197933143     3624.7135131639498     118.59821553922842     
268.2554459438695     292.2100059230076     43.011213433639185     3109.313339385501     302.34203197424966     
282.6356294376124     231.31393124117608     97.91839049345785     1313.6202384848966     137.64735194385452     
176.1734991900407     320.18542762458077     45.49064063383952     1402.770381778826     270.26957654755256     
307.6015570392377     248.24205983049018     5.541236423001705     3845.057284842889     227.54935312910305     
176.5643462161688     375.4177598401874     12.617836981126906     877.424920908572     140.06012193760762     
338.04253358978383     214.21753245089027     16.456563215449115     2669.6779140653625     95.78369816051588     
116.7781724295892     148.77608829902903     73.35024152157743     3036.41194479246     239.57634041307375     
307.9674433289215     340.63282224473426     20.05393764543809     2334.284004924725     321.79665792029164     
391.8170943287882     168.88199557935508     90.22309871229217     3805.975416447404     190.91249617493168     
170.07384781979403     197.44962909616692     58.34680851977624     2775.447990812089     195.23430774409104     
272.09137961578074     313.96794147235494     49.60875498407249     1471.3913017763     276.37561342716225     
230.19857280585626     223.39694544191462     64.75883600844243     3247.5189130998674     229.57922060463227     
336.65349636847765     100.42658706706229     80.12587484917756     2126.676325805972     126.1354620966739     
182.9992877441387     219.96030093702143     13.436834492338011     574.4972999247368     388.256777178532     
230.46287930571697     141.14661541087597     15.75871542908126     1031.5496463570742     190.27837650613543     
