50.0
372.34283069869934     251.04620892286732     53.049765129170126     939.5394087550194     114.3021053377862     
336.0376975282883     263.9497448324702     37.62210196952282     2217.376654933155     489.60724320897066     
359.9893484606371     187.6265620876012     16.690923250241152     2761.7907105539275     87.48758220539196     
340.58636960974655     396.833598552698     22.939009724560545     2768.0421166857045     214.23297709452146     
111.13376114220652     333.78515150134785     79.67720420978097     2999.419721121034     356.7357380553083     
326.29624544484665     224.31354141471007     25.408889375545463     2093.667813007306     230.42986861650854     
339.93142615459135     283.458246302561     75.42610110043233     819.8126322117512     176.2565370315757     
361.6789989928406     209.84103230745575     41.77484954292816     1319.227658534388     239.6071564138171     
365.2955079319754     325.75252394096304     94.74651658130803     1441.5798993948165     487.2107421029171     
352.2656959319522     277.9047329688259     61.46151798690107     3288.378712288213     98.23906846158911     
371.93390482597425     208.5363692586692     49.61438646085977     1428.7600667202955     460.84927350721586     
128.11121759486502     140.0993399821815     60.8694652591328     3097.0327046831335     176.1455560955091     
307.11679888511276     389.73394372181497     43.09928107203292     731.1105253536111     34.28765847755358     
237.0987141832446     168.83873897062122     60.32971076337286     891.119207282803     81.76339655710365     
285.29665737303486     131.1386692702337     90.94290851230986     3323.4535380310585     379.2887242802583     
297.8498603233628     361.1819762202545     86.42109201174016     3772.7627184579205     230.96939192519727     
206.5096471325678     385.19542372431647     93.87521030095844     3407.2312379668074     337.9365885893521     
224.3623428416002     346.47036726264423     58.41400591430246     1236.4935326750783     461.8550928344726     
249.55278745628675     274.855486053223     69.74090263182867     3699.0019384261714     477.8757214345556     
295.8574910308914     319.3729341675768     67.69452841983778     3239.949707839202     395.22180096381675     
188.8765017068221     140.50001688372578     28.418769558149094     2727.8443227868365     474.3614563552435     
251.81744187829483     293.93860328115994     23.318610686162867     697.7973495122797     327.9648522926971     
121.26547701302303     188.45922068741405     44.42951468218629     1798.0051465632196     407.2215392596926     
228.10124268177333     373.47775206607656     14.585368650794294     1323.9854023038679     126.44805345838859     
370.69867690633964     252.4147536663657     37.690173986783435     838.2678705092956     266.4633672741199     
216.8164144567927     119.35242920438552     76.00227416580049     3216.3306764914364     397.93152851519915     
317.96475799255256     143.7399808495655     74.29103094432526     616.2885832933631     193.17729597404963     
123.93985248681855     162.5390136342637     3.6063288735069254     2063.8498157581544     98.61114823940903     
156.0340394351971     208.57129905552586     10.21415296201188     1847.555051868558     181.08383391050506     
375.3693821922311     173.3231280935545     50.73024583312598     725.9803961138541     409.3523185673585     
187.91024974666925     309.2658794646143     11.91309888231743     2794.90235301508     103.05105818856737     
187.17149803948024     354.5659491941252     51.44914300043397     3603.273415836425     169.25813266627745     
225.45149471813244     354.2273099896911     40.52555469950717     2248.0538998493885     236.6683003356731     
289.4875052602715     325.2008723416884     70.66237923352637     1540.438554939402     157.2993058876064     
134.8928600901537     303.3972787440531     99.65185582262554     3373.0543548166397     422.00308504482115     
288.2711304344889     265.22779920257716     39.66996873879067     3628.573826275424     255.8530350622301     
156.64497927099828     184.73423478490434     40.12166658892177     1650.4818954537811     351.4908234213523     
244.34584989367     208.4007149822524     97.86951571103934     1037.5149999212717     203.64763036144882     
357.19137203772164     369.6308135922093     35.571057058221875     1917.9510864231056     273.0099776284762     
266.96700382429424     130.6753566121836     56.565821589793664     1799.6845171523544     459.7919415691531     
283.05924098127537     139.55067291076782     88.10695663724294     2327.786835371813     21.0803466492992     
398.11678394798986     232.60551734056259     25.65229114664591     2601.4656211035744     481.78127605105277     
269.07657044851044     241.4694780710244     68.55269269459176     2123.2078162960443     128.28824356271804     
335.3024425527204     273.2449124774298     82.95408956292447     2239.545843047189     391.11568063594416     
123.32475097685086     202.44922464956477     17.016658653347584     3566.435224999953     159.9892352808492     
103.0083885338706     157.41051291808128     18.243522097589924     2770.099523163735     178.9417704609926     
391.90837867425887     172.51195518000307     29.637780545866644     2777.5440499868446     270.56806051744303     
176.6996057742115     312.76381113890955     87.336652658105     2375.0564548788816     381.4360715899779     
200.1387051308787     175.74821886893648     90.73144596485795     3813.516847274238     313.5448063494333     
346.1010694823766     128.12679583582118     68.30740474795167     1878.6405409556837     156.98567555909693     
