50.0
150.16757492964746     137.97441160228436     78.23829197319539     3245.305138690427     138.73365373594874     
291.2680615407099     211.30839011688775     73.08936609700037     2893.3820230085976     437.68848029522445     
180.62691301623886     263.18735601256276     31.466530543573136     2364.754685035719     379.6627887042894     
221.8478818227538     159.0882264933733     45.118113300831375     1059.4297223631809     313.1893379262722     
156.28737166492152     249.5894860757642     94.85344294179724     2439.805696496913     401.5331623334433     
182.62804292043572     291.6891409811318     33.32341863980607     1434.6169366210806     42.98241741784153     
238.19996410461818     204.1218235217002     40.40610583261817     703.0521241965691     106.3998619961663     
104.61106883038356     331.5390384256746     9.767507390099794     2931.057707736038     40.43426347321912     
201.31707169748688     166.6995552631392     97.41382470497409     3169.386696929716     167.81197906120605     
379.7505395401387     291.17463288296625     45.41041477904733     2454.532012138671     91.85106015280388     
378.9451270761041     235.41858879748654     35.23190825627306     2535.268777593419     67.71560643436152     
328.9943189521813     362.4228953552286     59.86591927235621     2702.668442370836     464.3527358523869     
169.3354093618666     242.97913913529518     36.55284789369711     995.408655035623     484.3956694629972     
372.652264100996     378.6646424755469     60.15765312700066     2282.93775972794     270.1954692171244     
200.61181952332294     204.18446679414672     51.817711053619796     2364.527652256844     356.4680993643331     
231.55799481209613     271.24673167006864     99.1727605435255     1697.601424606697     386.78586915110105     
242.74041698272083     282.9354333054856     65.14867886785923     2036.4137829958095     269.37291985883667     
114.9213624908901     334.84209373499357     50.51122915251888     2462.504940192407     107.83419752577333     
324.6986257529886     219.51647489595427     28.46575693862211     1277.2119597142228     401.91502793778716     
398.06267285352385     355.69380747149273     29.69659789133501     3161.373975258329     424.2062714914538     
109.35136946870098     399.8233678875806     46.66575393294061     1052.2473134915112     183.65087203172243     
379.4237007849919     390.7320468007193     75.15832496010786     2531.9047609176623     163.55052676852574     
356.6734554880768     170.6241226832265     31.58076455964932     2216.6006971027764     69.82789699516866     
148.84518602607795     199.97035648632402     76.74043643089465     3140.186441011553     484.2010266359483     
112.69719160526657     365.513589723179     14.90092148921962     1298.484578146827     411.6477400281629     
289.00336101191897     125.75716658857334     28.270002343690457     2067.5626202997646     21.687005508894174     
102.67224659113623     259.9009440300107     94.65807723830333     1134.0103325941504     258.34503208370796     
208.46463456565158     262.70349373396334     15.280687505976143     761.558364466263     485.9160855276856     
324.10159835036166     348.57473183149386     30.852665665974254     533.4110047443013     278.45067681707644     
230.8412664036326     314.69113519276254     93.49063423753782     3328.5533735024396     0.2405400312529764     
381.19824958674775     112.97848028243398     43.30630580209021     2006.8675126825551     403.14142524442735     
201.24134025759824     369.484926429472     90.05352332809731     2569.970747859109     216.6652984164204     
115.46807578742039     117.59344686674525     59.09190361271174     535.8772894941549     351.2672229520582     
253.27255585174368     327.2665461814761     72.7214319853933     821.3335353706351     498.91098390452333     
167.07499673075856     344.49492997636446     13.497448355553864     2150.1507521174176     345.9936468936519     
290.3858465628474     272.94807079552754     94.47616717546856     2191.0004138199524     421.4069472797605     
183.83598650932743     314.3921730598958     3.2980783930164237     1765.3012343110245     345.4981699919484     
180.87516054755093     320.4245647896422     78.31196516804235     1745.0504062179368     504.0565920039494     
225.51100701373073     171.8850651468462     95.33515269266584     2231.5252345739636     205.31790452790824     
151.3643841062628     252.93411944076132     61.90957536513757     1639.9079266933488     450.2912860693118     
222.82186048722548     376.3164192887935     98.53437891984643     1864.911635353459     284.2602842672415     
167.52859648624198     321.2989560145892     60.96497507764605     3594.085213445599     340.0092473637049     
336.6151537452485     379.9470391522362     50.35439209944157     931.2558646351922     295.75931060051164     
139.9713304145419     310.84552261701634     26.77290753206676     3054.999357452164     297.9818443766295     
351.9779904123834     308.14998200273584     56.371134081691174     2576.0293675546754     328.68673466982335     
137.90386028287213     379.00765668986867     94.97617912614798     3182.278988395896     0.70275133609573     
175.05668427882225     246.26618968649808     56.71357455722986     1265.6222813177676     496.4106345651625     
382.27846101601375     365.70345657018675     32.6490684716634     1522.3117327613068     64.95386789362504     
202.89340910811012     372.478378818275     98.12648787648452     3794.7541878934626     24.83363949129233     
245.48192590407066     165.18037918871954     57.37217983719036     3512.961780439236     416.0671555996652     
