50.0
395.9115884763136     257.53224006653716     57.85224294358243     974.7104973405752     193.49762235408838     
259.5276213793341     109.21990255293743     80.31845582933065     1548.0367765494084     357.5145695759059     
298.54179855810526     249.4069105197279     54.7762451101501     1068.3850011916866     84.66661772067147     
378.83301468638854     254.53569342919127     99.33184604984204     1783.070380490916     135.05928607826905     
348.85030482868603     257.98892805400226     11.6289725039044     2181.3173362537805     52.69901110452389     
148.12451139196685     116.06899292266777     60.71495452159667     858.0388101109688     185.34335609475062     
330.15490709506025     233.62644091936463     40.85330817231137     3955.991743878068     205.97502011007958     
140.89568718143468     148.58986702066596     39.95533386134272     2449.451703686522     100.29398789819265     
341.603089496492     185.69607102204847     39.232196392817066     2080.2748290610043     425.27421187034815     
256.52217338415875     171.94606543649599     64.9196883932148     1940.561992622167     465.0722613817508     
289.57939637071985     210.85176765021214     46.18282835208682     889.4330668266566     309.21835578002464     
186.7474487552824     128.66425221660788     68.08830637366377     1619.3868096810102     387.1944187045072     
306.7315998659253     278.4533300304704     55.990356621060364     880.2643582893802     379.68646607622907     
211.47179340886703     212.44360270295965     15.869060581752548     2303.0232740750416     223.0955857666463     
177.4202607845399     337.3388605455358     99.95966925730407     786.6805514943618     265.56897459268714     
303.28501585734386     126.91460212846155     7.897693986120624     1009.735804552168     357.078138505737     
397.21319407944736     305.5767315314729     34.74616499320291     3203.568532110841     396.10460525204076     
280.97265433892807     137.0095301352649     47.407095642549315     2920.4833791421947     98.72904779390711     
302.81847395952036     381.9364716445624     33.67367710380583     791.1057605835274     108.5772237296161     
204.95193047182948     391.0514477252468     17.589648963943926     2921.036617905771     233.93987281118376     
216.1503998731543     374.84721171868637     38.91379691022144     2028.013597888112     253.83876848407675     
286.92508048760794     310.35258862269507     63.16844575785965     1830.0579388809929     316.1178011293084     
251.56462486521457     280.29782521736115     99.55206184372585     3516.0426981100586     259.4707087651275     
175.08007146447696     340.79477240140125     83.73305525540758     2043.866176452166     370.53748028890544     
274.1303473498298     226.64210227244945     69.6818650646888     1074.2819339761254     196.8977981292494     
281.4647406585204     374.5559034776817     41.19362946385882     897.4084088368654     498.5512412921306     
215.51588551667342     162.21113654027033     42.93787698265433     679.0784027637567     307.9267346362175     
244.69028159997683     352.796552052863     71.18615427893643     1146.4718210079607     454.0487710041382     
284.9733266259216     135.0462417465088     46.81096996189951     3230.313368070513     394.49620505661727     
347.30235054652655     235.6163062623345     53.4567497342885     3547.5963968992783     510.63762574189803     
249.2798740992624     145.42978369439425     48.49291703060613     3707.782289410347     43.395941888831146     
359.84769094549364     143.75462104026636     33.01167590304671     1189.6184504171129     325.0022405387546     
226.5275014703702     257.12624197030146     41.009899515488556     971.2169581119672     113.83906088576595     
213.15456847901268     268.1076027525912     18.802464098614678     3240.375033932917     46.291661181574966     
384.48474212707004     196.70701519747647     86.46096519261498     2976.2216500055592     200.55541200371522     
255.36644254959265     274.8593985574598     4.394743114175837     800.8250252568482     31.684899532103827     
380.9599877090593     139.81303824054237     15.034587281839684     3396.685798534597     279.01284577078206     
352.9887121606914     383.521300815062     22.73024682308432     1629.6616511058182     460.9883119929862     
318.1851466339076     264.9394411757945     82.2000415478519     956.1237749398035     502.969295522383     
216.2329712293975     326.0078908600209     39.831760771106175     3348.2712962503597     194.73019893006045     
328.6622258710762     208.97469748425505     10.439191209138121     2468.359053925624     450.3103158997892     
362.31543603344056     331.5689287888379     18.030506135061273     1178.4766926905895     287.23574913700463     
200.0592540363064     392.3976101295478     19.78990603445331     3737.9284611901608     85.5349894916497     
268.5659821120058     385.38739440712726     3.737345427469285     1584.6347397892046     377.08930327479965     
301.43068172745757     327.27307613573083     37.31873614422203     1286.8984383653028     314.81762616141043     
176.15044116350424     149.3354516401978     66.46846887105521     1004.0536188856981     244.72065011659686     
373.0323510910843     207.9714055761736     68.74374731525842     1095.2406994459138     280.79321664104344     
299.2555688072601     369.07428441709976     91.12034735466091     1982.9745792830356     351.0888161087139     
304.0018863999443     316.28465786935215     85.41798370758022     1802.7453413975095     483.591792607419     
311.5278375589311     240.653714794585     93.52814578446211     3403.1165512464568     153.07908507597534     
