50.0
265.7869808348156     329.2319931894034     3.983017411233547     2390.981347716449     503.649284663652     
191.00123445340336     148.805646988075     95.03659895627527     3093.4480224920476     271.07892331326747     
111.90747898403018     113.15850071902155     60.81416951073605     1335.5652288940357     377.06277525065303     
143.8534072398323     333.9139642968172     3.964970864734263     1284.4285401541879     228.0353388806849     
239.54831152874652     149.90840950510264     7.798508342354616     3463.170323662637     317.8704915690405     
223.11516218581914     113.53031470992913     98.71944594332291     3307.722381110536     220.8859979446766     
127.29373910041758     333.77456747887675     12.161312380558332     2217.0587745690063     86.48547651933882     
368.4714951471268     346.45498891131547     21.281193498344585     2672.608945118245     480.13927967307023     
108.55822219609443     198.92339526447586     81.3986223850071     2792.854515957528     430.4360744241071     
244.21754431726487     204.391707312287     43.64756528785022     564.9712661159349     28.861375665300898     
376.081234312392     255.3278497590418     19.99391391241151     3152.7995251764883     376.2101463906399     
328.9432898798345     321.7026277444122     1.5353146612517743     1039.7277204418288     324.3389805187231     
394.6939406903955     297.2835706782379     15.202177541826012     3879.7409308290084     19.09237280452612     
178.54007654443535     100.91690493498768     48.567399573910365     3522.1959755955054     215.0836572488774     
269.9872294290052     267.187624284021     82.22070488536858     3156.6403663318292     236.83328512410998     
258.39125826366876     297.1949498521184     92.15048722791408     1963.2132234383157     90.24037711980878     
174.3966567909566     363.53509845003225     7.187085158641615     1153.8423619922828     191.34982096609173     
363.0349331974712     268.80358522563483     28.39691816850315     1068.9761529090329     24.963936496402823     
189.8595703082503     291.873574902011     85.52414143951238     1233.729584228647     212.42469811976906     
231.3885885049134     103.4398043353073     65.24701705932824     2371.106444280471     14.485997495785398     
192.573476396206     343.6995889586292     66.41194214890928     3734.0016537573965     327.04605951676575     
255.1289028570383     155.99569807766474     1.9091805568575482     1542.2458074979913     85.90901853286488     
158.91065192609003     334.87026443656055     67.6432602780376     2595.8310786195925     332.108427655137     
360.2854359018287     104.5650749369983     55.67264120150669     847.8335164686797     264.7348941182635     
239.0774793322463     311.8623760894035     12.658942974433373     1901.7165020487444     459.1828869887399     
346.7347082410176     364.07078293967487     1.1898101604328915     2904.353384573006     185.2625469363109     
276.94105756265316     271.9014679376113     89.82358747537671     3706.04396066684     140.45655130059004     
237.20728689665486     155.1968967011016     14.913503460049105     1710.4120750058776     262.77198905238134     
399.3106450598444     308.3045085228929     27.46238742115519     1566.1906460093567     307.2403381392197     
142.7195294241657     398.13400410495206     21.262584407557274     3100.148397573319     355.3521259452911     
178.02542105222136     262.9679640878395     84.12214548321687     1436.4130647552954     389.1492845111125     
182.02511392247953     372.2200647972751     85.34439350127857     1732.7030739467546     426.82488248736155     
254.06876609964104     307.36302197118056     47.040966349635084     1804.6405190563173     293.67085922601666     
221.69880990300095     213.55084715029705     28.062414363781162     3269.288202876448     299.9704146534438     
298.64472351348894     206.18277034964015     20.822148230010818     1953.4675228520252     36.854108839567004     
364.7025372541718     221.14903619242483     86.87459404228494     2566.701154954765     53.6663843480801     
264.19648716030974     304.3717947602735     38.530927198331376     3791.8682055919307     350.77683306730137     
328.5663503787237     139.86214901229678     63.345251880606156     1747.2830249056574     501.11853211625174     
114.6360162855475     390.0434702160602     87.40324612357965     1450.1409335980024     432.7773962458239     
100.40553156738996     214.78710674083652     86.26821886943333     3128.124353219999     445.5807747413364     
132.9449592999879     380.0784810617296     67.42110788026166     584.9678721952484     33.674588953350224     
251.58962845434255     271.1117161264558     46.15948440299871     3342.9951229209178     217.33972496166297     
123.59227518848584     370.26150687009294     82.32969389060305     1517.8202209828496     275.84149039363376     
267.61581035301117     216.67559758647664     88.26562469880523     2478.6946280055736     91.77193629726577     
393.1237867688852     141.85077338017618     46.219769756977726     1302.7597984655174     235.54778146060278     
112.19234889810164     367.5786755855912     72.16368478912247     2731.38346148125     401.4715238513328     
214.48175111645463     386.6239828492809     4.36015622937711     2299.437889936008     225.94040601677267     
273.21948839485     133.5341339970781     47.10518580044953     1549.5175164502928     386.29155699551075     
217.2131929879559     353.7783956195294     52.137021997427624     3735.1574392818775     333.8936526343253     
342.71412920045174     116.54331331264049     54.3605975749662     1948.2335023506228     78.14449912625139     
