50.0
300.6546450437954     262.7261660512322     66.63469642396144     1890.6497448115008     489.4167208413582     
221.12262686078043     296.72419299355477     27.376320659827012     508.91351418165794     135.72401669148036     
141.7908162516083     147.2591023070726     81.00810068450717     3878.998987834238     163.92456782195063     
144.79593166770303     362.81390745106205     53.05295789797573     1623.1460387026536     73.68797021701005     
349.9668814942947     220.04983496643442     69.20608348230229     2722.5478050866172     73.09003303575957     
120.49661550245811     238.55888110806475     50.195269712339794     3426.0210227721864     296.1355273713066     
334.74634330824824     363.7946561662436     77.33254260192814     2414.0464512107233     15.559247274521681     
368.3473376002058     180.32326706495996     77.67637651484142     1990.699828947447     204.52247250774025     
162.34625254482765     119.73341164129783     85.18449816369062     3369.802478230302     3.1664849724400597     
254.40715476085217     271.28829006186913     89.84874409647514     3296.4470443124774     254.7871255097943     
390.8458355989424     225.24891632837333     32.63303671408772     2140.654458386467     146.579781267128     
386.26102654027176     350.48008282788567     94.87425140747455     2344.3632337959443     174.85330871391977     
148.46871356251813     207.899203608518     40.74149205241812     3254.555358163947     450.31917103951434     
357.515344543951     167.01568135958706     53.709907268426925     571.1825920224439     489.542786744244     
100.07291257726287     269.1256985656199     41.872607007494246     2271.144768775328     72.5871067862015     
399.6768245643074     151.52504049852462     59.040837618846695     734.7911700040452     483.55668387466807     
115.34839367248696     383.86403461556716     0.15865143730435793     3458.3006102541785     493.17308480413936     
348.9180248227218     151.284305005549     82.91388428776534     2989.4993181667414     327.83544502044174     
140.86851946938788     186.75091837864852     38.36621412405009     1194.7424595379055     462.7975313894493     
253.5157836427054     298.989960957745     30.51174220135544     3111.6920217896095     173.7886949922297     
170.56736854501952     128.66035702412117     37.52487466069364     2942.465109873909     130.14542932154131     
324.25255801379257     168.6234333962089     31.219833558480982     2345.153319413921     154.09927065883147     
143.60136327195875     128.192559610039     66.41365691816333     2966.4505097605133     325.0054445170381     
245.9490420642948     386.4979305101518     71.73923312322853     1482.6753184099814     268.5497007883255     
142.77345795132703     387.94422804207886     55.380096034800296     2197.266643992542     295.87828171648397     
171.8875447545099     237.0264509142573     78.4148171184422     2138.7638472443086     129.09499855627388     
393.3089846462843     163.56175079765654     5.836457080708279     3642.5290223906118     144.64604126403424     
304.71842654123895     286.37393534086857     75.16664789950345     3804.274805391414     220.71205421774386     
123.02067104966547     300.5589777387529     27.530156622567336     3955.6743321846843     463.90415011614385     
135.23006302943023     103.01545513834658     31.485174971098495     3244.2810845558042     305.8939694237964     
147.71973555442207     167.69629863084634     1.2782794646804874     1932.1683933124436     438.8488495098892     
264.0092750015018     222.06249971330323     12.990472793376085     1946.684086289865     279.526803780472     
326.74175759633965     211.5821042975892     57.80835761135015     3333.4194553957745     187.68496769652904     
337.6136924879911     174.4745208876971     10.238157888205091     2172.0472884141454     441.7864440309686     
233.9679540227021     322.4741591706239     52.74161238217962     2663.7545674781422     220.872532423365     
299.69725815207113     207.06364987416805     44.018246198947885     1270.520528315075     354.12510289749673     
230.73208209386667     390.6165820485116     64.23498906808747     1964.4985229554775     54.66546367161334     
215.0401510839286     183.3359345301331     85.63855149960183     2824.9204198777225     323.87989283048375     
184.1923213266302     142.62530973515877     80.57181225370023     2827.3074740710263     72.81167189973979     
289.2868373413762     287.1883475934412     35.974928937150516     3660.0831163135495     129.02975471175137     
353.48895721976476     292.39613250592413     18.826877079753068     1394.4823182602563     234.48103996180373     
165.23094162666675     314.48102046965096     38.832139451792024     1317.269354383291     248.65285516154813     
276.3594746481808     126.90674221689562     87.96283155946946     1952.233101048081     406.9662157256123     
255.73022519681456     324.3993051650982     62.87994805601412     3273.100323825958     49.19276045948169     
120.59042920665601     247.45795069577233     97.23486231266027     3171.1920770897527     340.9613167840234     
319.0040351075837     130.86975731346166     36.65980842812839     3959.3641079970075     6.229977318105057     
262.1823820464639     216.8761749464076     7.04724691813351     3811.4619076113445     66.764060869677     
331.5618535171324     321.3431472757836     16.51162372390218     1291.8638948570647     358.57427744994584     
389.51227881587516     255.6945663220493     19.437798454120024     733.9216542710969     410.0695681829174     
371.9242118724478     127.9403730027281     75.42316259083923     2901.7751034613675     486.6438474180443     
