50.0
315.11463136713326     211.55605314164742     32.124177128056616     3200.0337077013655     133.9420382534327     
331.6536263480117     399.4331897662955     9.859211436875349     3022.7461556262133     93.39566985268755     
131.51318432936895     351.7024210509387     21.350069954577766     1436.3931832721194     475.782280012872     
384.8311539637489     266.6737598335899     83.25246757928134     2161.2709092308887     324.97014706790304     
272.86371696497275     284.69713679233087     67.41700691172005     3599.321245110649     145.81388375956527     
201.05027850915525     393.80818878717804     89.3687737243739     1940.1426511685208     367.4652601977185     
399.1575304993297     323.16490831635116     86.52808712141633     3453.891070307752     482.9565174964696     
291.2305745198139     124.14317789861593     54.96501310615071     2898.309974267424     469.18732568618327     
116.39464327454604     240.70863602142302     6.12053196345409     1637.3028840635836     62.228703863462044     
107.18181018423093     392.7557461007335     27.07887008628337     1014.2753121326355     456.9600133664497     
249.94163410709288     198.96311346893046     88.77541784045762     2039.6145718918342     424.17629180474296     
362.9200332619802     313.75326820448265     18.261633484728577     2222.5267008324513     262.78494510260987     
323.66480779911603     281.4354083049571     65.18987082758706     3750.3637188566427     393.19628324865954     
264.4606231347327     299.22293943033185     91.11708787362737     3597.0455735213377     490.35182988704634     
205.46572807134078     255.23400229577345     5.175575416072798     3926.5957658704106     297.24076083882807     
342.14178127025536     112.52995244805867     27.822020442358074     3333.432518118208     68.21154363948045     
199.438041641477     394.21198130878935     25.034169478729773     2979.7308099581005     350.3012397922575     
343.5057025169835     148.31440412951073     5.6139294795951145     3714.027364250676     440.9199515007367     
273.1954886586568     398.9444136724181     46.17198372747337     3627.7727237497365     245.77130159586966     
106.60795141751942     344.4396546298667     27.575166144050133     3988.022107988219     137.98559219986265     
391.04950576891287     221.47855597621287     73.78577626930772     3335.793950673685     87.76383793081487     
396.36648391581497     335.1295911172267     64.90802322166988     960.4203146582843     327.51106767049845     
144.3870396433873     294.2776884633729     97.7721309732803     683.8264004839066     397.2188349085432     
270.414424294286     322.15937629411974     41.833122988672656     1408.896523974606     293.5056458840377     
149.24872243912344     363.7525621625798     49.14300331286626     3336.834845202968     500.67898799846444     
258.2877583035191     224.47786608856705     15.86702535941269     2389.9667033164296     451.4660373657679     
366.8554640009072     346.95323902096186     94.18813177200546     3368.1349622263347     220.43221576755093     
168.25086167296024     172.97515277700842     67.22023206893701     1388.894225106546     290.4724133466164     
249.48641093945224     265.2814351153669     61.99359030748492     2144.3921207812245     321.82417758799147     
101.41538115522873     382.885837088972     43.141736754118455     3999.5995164474384     408.22861261821316     
255.16920976273383     128.568302542347     76.84937683327166     3748.364784509488     507.42825792794196     
392.0077493328217     302.8465555419897     2.0219542057089868     3709.4023607509425     470.688146426744     
398.2880609878839     355.8232270166652     80.26432351535134     2293.171551216481     380.9267566245986     
136.83870588132982     127.90116364612271     52.81549429476331     1031.2420549733465     250.65198516694488     
227.317632849459     351.8597315388919     54.0237322260183     2509.591447199249     158.50406498122442     
224.5650531928046     249.45191562589704     86.78447476058193     975.3601914508614     290.4992156597436     
168.0094655082362     230.49776864913676     98.8055380918007     1323.468666360579     212.78141663176177     
366.7366800198219     203.66202445519343     88.68035508953956     3540.2068248424957     187.51870780797344     
142.7387754658936     270.967169135768     36.70949941404896     933.588121734166     16.332244476833807     
325.6056454171147     381.1814780116032     95.32831107345837     3815.181700511137     434.6472860192354     
331.2969750115115     342.52229390151683     21.60747302201258     3168.506491596628     275.10837887704525     
378.14063984344176     265.0411473002812     32.266210462524384     3017.0434029957605     127.28962068869765     
161.80928928866777     178.3377068917925     91.01117595490082     903.0403529448618     253.17968372712733     
168.7302016344789     314.5730411259717     8.796141447242057     2598.4144594927357     214.79488877555082     
103.97734452720624     160.8914079603374     36.258781235944134     2427.898349103702     439.54287249276877     
143.94799729646223     185.3881920953933     32.768456428005656     1296.463044478021     327.5973743506638     
251.48828101781143     101.84558739776615     14.887760919244853     3257.94319168445     473.8904917893448     
207.95886923025904     247.58682539873266     26.937134200329073     3887.915458294554     86.49080514567822     
351.87947195101816     106.6824477941282     67.29574421803241     1671.629673879414     213.6466523550141     
255.31710284426592     394.9842451761097     86.16435208195813     543.119117292837     409.5002452221821     
