50.0
309.6176101699052     139.95102997701161     71.423547770075     2345.269167796995     12.088026129322884     
109.98090493309732     182.06156275650358     52.717443783985495     1590.0250731123974     359.01595027278927     
318.179864761283     285.70857304848334     39.87879485785308     768.2130100586496     137.02253471091797     
203.0998436458203     101.92704721275504     40.47594974229873     2267.6685502864007     24.636330139103563     
207.80281390506053     297.4541967804436     14.644720846724091     1503.9302078291425     12.742700885549937     
102.5875677007529     285.67880648889957     4.246988904281579     2951.649281010087     29.176950027357236     
261.15487513809546     162.22930758444755     5.459599336994103     840.9974360855795     505.737147879435     
148.93387985502812     325.9498643104536     16.499071891358497     3422.757858031899     48.79556942470333     
246.29106999274225     398.7995172056602     64.13796628430822     3623.4189307252     83.14266523412783     
195.00996742524097     201.2202122432518     8.729529784769529     1885.196142785812     34.79952815481147     
243.96904888446838     197.2564708425142     14.259313242274896     1453.760170694258     404.1574788505615     
177.58224888301538     266.61813697807247     25.587939093457813     2857.4882081739984     323.37197348358495     
150.29493346513584     353.16949505670937     61.14581258173892     2244.6573669320205     53.33179021528912     
392.8295606742328     279.25959318929864     23.82376273663318     1557.6022953521745     460.2409248338354     
198.3236954826728     106.26901262512492     66.13003696365071     3061.30474438368     228.4006404592513     
360.622087002498     289.3911695124386     73.59607074119548     3876.7030366058984     159.3559420424612     
398.08262228100097     117.19688753950963     92.10448501979278     3664.292325579105     253.94354509628914     
119.35757804038157     232.13257324092424     55.94609969743196     2457.357266348201     336.4592174444538     
291.5592832218327     315.3577679187461     49.07206326978179     782.7177449994836     108.8055065831499     
364.21910745001725     253.37839878622896     85.28170056441084     1021.6500377014326     470.5412794307219     
229.27511529697222     212.97208578884465     70.61892149077671     3560.0069522118715     508.39570610891565     
310.31582612452735     314.5054966514233     67.70097267824713     3113.6649668808814     343.0567505147376     
187.11658462605726     196.3729747179645     80.70886964992746     1887.2236732091028     123.19318153779403     
266.47684378373015     103.21919686981839     59.59751835576078     3377.5055888949346     36.94093873375715     
337.2709525736489     346.40363289900756     99.81544415645527     2343.3836452577707     284.53281968266634     
113.35975247740011     108.62406337884408     42.51149948720452     2176.9874935321886     183.41591425515628     
113.751658144063     131.1404772653898     39.089053854921765     3251.662365557452     126.52039310398874     
263.5682366636553     366.0742138084117     32.45084283680526     2184.045612222859     382.8029454570037     
361.62823506286406     211.46354073772494     28.991203071652727     3041.329517864726     253.23207561969355     
293.8933988364558     377.385669185946     99.30020213240859     3419.6734877790454     278.5678138126607     
237.41035789946682     263.2762406342124     76.66594239201666     2714.381042432713     449.69168404188514     
387.53478933611746     142.60472740366697     65.41869415445206     3890.9295177350964     106.1170019179309     
335.9793486440211     389.1887689231894     85.3739280206908     1094.475905618317     443.9881373634261     
343.8406272313247     195.9379536588013     64.6203032483524     3439.4904485862953     131.9344467242983     
224.1015921304731     361.6562117833261     54.762605959837366     3204.918274587108     182.7958612113331     
146.04071745810765     108.0623522781621     82.51557153528911     2327.8681146577765     131.00245061643108     
171.17508456161272     333.02528865300883     6.825168673817538     2657.7428237157183     121.99265551297793     
244.62691881128808     354.4396870640674     27.313915732773918     1557.3809204216489     439.58508831202477     
210.91715647163204     294.50081230151994     7.412016548694078     2342.824277619925     468.5323877443711     
391.14696246613437     151.23261261442497     33.849975705299315     1923.133969962534     84.86815742037777     
261.85090680835253     174.1907703992693     24.46466248921224     2294.4095291083922     253.72394749634645     
249.59090646486558     140.92864811108797     21.574156723389017     2593.629955776673     295.1474450545383     
365.5295208086125     197.31089947326342     43.16922271929745     2872.3033245460256     110.09337946407504     
130.32215509132087     374.9721274142455     74.86902114829476     3901.426690498875     12.735096782217454     
397.4792252464243     182.19697954365267     45.46302470484     870.561110569452     194.56268317586546     
124.38444852243995     163.92484981388208     8.214094524291394     2883.879655748333     201.01417865633988     
212.05769840901922     211.54402226680963     21.324283686902856     1332.0737145254016     228.26675976110198     
208.43514328979245     362.449970887864     12.878775191506408     2624.0441536907656     371.61203532944046     
336.2175773858661     276.5126465689738     65.64448458397743     3981.6833579593003     326.4489540520134     
316.63523754675396     159.45593507666808     50.99611550196981     2058.045858607028     271.98555994426044     
