50.0
390.0149779480244     108.10872326399159     0.65169351448644     1369.2121727322342     239.107241553478     
371.21885268040074     389.2728120216268     30.19626149628528     525.3805197297355     51.30240585063393     
296.57265785928723     335.8453736250266     45.223838003092     3771.2873092279888     331.42954697175674     
278.77095897794175     302.9469442368929     33.03283142405065     669.4941464695346     360.19897125730625     
397.0284929911298     125.55738671162541     64.53981535507043     1976.9355653307841     18.709829704822596     
111.00234626204288     392.73301863118144     16.320380393095057     1606.9691267610597     396.81305421253427     
203.26986577982018     303.2328117509021     30.707468171004958     3603.5019936474087     225.6815325198042     
111.66115000448713     362.7932899720084     19.045530743780592     1443.9026471585703     295.1986804145443     
192.21817115143364     119.82500165582906     55.58982051177932     2393.897903319462     413.75654854650344     
331.1494237330311     298.0836658935972     54.41945577130581     3273.404985728375     299.54514732375895     
191.55564683598598     313.46147909704507     59.88327233012748     3108.230980542961     45.51295999097539     
114.88055842129923     263.7047864736323     36.60610604918351     3475.9341229687407     379.81201967090175     
217.74545999628282     398.8247767560429     43.438777462995546     3868.8024602236146     175.62645525168688     
102.06707083325661     191.59248874919228     32.481660469243145     2944.7445926341134     388.13184617279575     
326.17448764851883     179.06135443597987     14.961233175594913     1773.6569497256994     80.30614289715152     
248.42455281430176     244.68442983817852     93.27384000233656     3498.4591347337227     97.72974451852127     
149.28169605156847     204.99654453518568     75.42417389935146     2822.2239366682593     449.80517235976487     
109.63266222645952     289.03138336290374     15.54536456706318     2508.6454311212638     302.9469640527056     
263.9521811953168     343.00226297918556     1.5163650734286382     579.4537394039023     214.36757076539868     
101.91913029271844     139.44686336715276     84.00589721777956     3969.7178991454266     15.32444373822392     
305.87874084884766     276.7949445777736     0.713357809356141     2176.50286515292     471.54510526799857     
183.91877450684333     193.64166730685605     90.23723150270999     3517.4830469372964     301.1031555617291     
102.32758584897866     372.1366897130074     92.22288949174386     957.9280286412147     270.6713250421116     
214.28314973534737     182.49070229777283     70.8355021117448     2961.886423408392     272.42920513343444     
171.7894442448179     156.46206171228692     43.73231990837469     1081.1575022002048     290.9147588020621     
283.84294197449117     293.937614271135     99.01263317155164     869.3742249982213     98.51500897982652     
240.03413000626588     329.6340618901115     74.79648502994763     764.5629174749985     289.2494465871886     
343.1065955078807     108.5538234233289     17.720265470459406     2545.8088476708817     358.5015939218002     
377.4882781548863     366.31040556279686     37.61462637529351     518.7823976531583     352.37783157416186     
156.35493581935745     304.11627586021723     56.28894215202395     2546.8234815289325     281.2927794497123     
207.67943547729686     125.92767327207119     45.1877414734257     552.2572217136852     52.61999829068918     
365.59013519465947     362.6238008122642     1.9016241867207628     3248.299602723982     43.68848881299914     
285.48242845917366     351.42574139991166     27.317125384159425     578.6499706308099     332.542777096854     
111.33293644124367     268.49383328193744     41.49426599220656     3144.42143975385     473.2322465422173     
266.49882524152997     253.06592244057245     25.05812857519346     3300.4927830838283     349.1432090816347     
295.1369560321024     323.5155916586076     77.51084484759551     3308.3158295625     308.8073984735342     
184.2182462310217     396.75798246056235     54.09980942198177     2471.8530219171216     202.22333943001507     
210.2932979734106     179.41615049670645     95.01126629819927     3434.1160064377327     228.66642303981376     
223.46082178874872     397.1061040932097     73.68321279907629     1841.9668253157447     395.6965782980577     
284.3092772422008     389.2434495271152     99.67659984814713     2717.5827985042724     188.75997901719273     
210.47814461529362     271.00179109354673     38.2429923745409     3632.8204001175536     145.45080121979976     
158.32755996498804     195.493443216975     2.077679840867963     2093.040438187758     322.44468186033083     
370.18007127944327     297.3098867493788     8.665972178571113     554.9119660791021     315.55938440015666     
255.85791728550964     177.00372731347844     28.033654618776637     3899.9033552018755     66.39316411721887     
197.12754188962833     328.4773807753427     85.1757737208476     3007.41142871958     146.57845359087054     
214.36352651168207     293.78645524341505     36.912243129599055     1454.7232130070522     355.3049763519747     
121.74548194299388     179.39567313787802     47.206490639931175     1449.383639983071     313.8973730600631     
358.9042976891561     354.55034156094996     17.30174363996643     3361.41256388806     368.32386979258956     
378.91150594074077     313.4051679931378     51.61549418467211     3867.5390572046977     411.11907940981524     
194.90627087504112     145.7237666676818     54.66669684306421     1239.7187753494477     39.404740327696004     
