50.0
199.2840309071119     359.2720575472793     83.75420521133083     2732.904770110186     249.81885302056327     
110.7042051115824     154.32725940679617     40.784505704579864     2128.974171993523     323.72940178845346     
156.82359856814205     251.08300790916488     9.140280500943366     1815.2449480278606     184.6557833789111     
289.8421834467815     145.49200956186627     17.600922587007915     3314.260013291856     500.32624322508497     
264.2907976873514     395.4980827814505     88.99701255349694     1357.3330947275745     404.7626438403689     
111.6698878931093     221.5042582465178     52.91512262436564     1871.3367789178915     384.9280931836882     
386.72788739641794     283.0799815845813     36.439709512106454     2684.400281849703     112.44859728350144     
330.0763531887446     207.5358979036772     53.30162523696649     2793.633288872792     508.074853365276     
376.17015235530636     305.19160915106454     45.36298510530666     3135.7259741645375     505.98376337383905     
195.72029439981884     350.388862361181     7.219844776602391     532.8504449559485     1.0865819674467048     
183.69233571022647     331.2571109121094     1.1046052520898964     3755.402495512897     470.22561355228265     
147.9827038444993     259.8511995053324     25.66868510383532     866.6719454286215     173.1937398205419     
276.1192039759931     356.75421093824394     12.67952545993396     2333.1316991334656     364.1736490469926     
190.79543845571828     145.21905518691966     52.107320232228325     3084.2694850319303     52.47593309715978     
316.90571568260367     253.6781790068341     12.515187779722304     1766.2604770985772     303.5118965656742     
353.75998524190794     265.77379284615404     16.023422299916646     1153.4908751399244     202.72447585189366     
111.63098197332027     357.518367177016     80.0245226525076     1773.2596820175788     507.3808397202764     
236.30202337669294     237.19934670174186     10.33647134992851     2120.979482395874     455.2287905439033     
230.2107747810195     299.71451545319997     38.28404086374627     3626.4275344265234     328.8327712969783     
183.40037616990116     299.4714929359277     56.51708434311754     1990.299658705317     460.65297207118545     
381.4674209326149     213.10835439753316     83.40435141033832     1660.3229941999566     40.16902004085     
314.5549004445594     132.1120947632296     9.153137956517499     3513.961176489447     194.1157461789902     
379.4436173815903     225.759626636297     82.81500754618277     2904.537256097578     4.132891935951591     
195.67500931562154     368.5305483912881     96.53173873524705     2630.756846863294     262.8158932757515     
195.335703463518     171.02572630798096     9.62314729759991     2391.8445058272614     196.23851330829297     
358.7251536789404     348.311128043509     0.027550895879691062     2579.9582071924374     380.5546308589952     
241.86619356492264     139.06946727017717     17.496790085641212     2042.1428975844958     274.8540690118111     
243.18932896220142     232.7761169999486     23.649395130298533     3295.74517642655     213.79791969278875     
388.21835938470196     316.70589983710005     45.28194936875205     2860.2153401728824     214.52675212425214     
393.33440069736713     390.1751565626161     78.51819616856221     3538.0465876042945     399.99333684436465     
120.4061343021954     303.16038112849446     27.963977323779655     2532.2147715973697     406.93727718036934     
137.1708251280287     219.8242850911666     14.412074563695864     1476.2154924059632     449.2103356191319     
253.4288990342031     373.0070865227516     74.86585192767221     2937.569898435021     23.30338169098235     
117.92441687295295     184.03207014634188     32.46329455726752     3728.298514902906     127.30682480165319     
394.22673753090885     313.0990740059738     15.440267960602638     3115.113639081711     316.51473630690623     
222.42893917223375     249.4840307494693     46.83393822598995     1156.9294218600394     77.24157805717812     
366.9606894799823     396.1827330113836     55.021808031144026     644.6948312128014     503.27564389585984     
158.4963730807259     119.87390274295666     67.50206109336995     1761.1031090529839     343.3488823393512     
130.3335739567023     333.29631430816477     88.885709115004     1218.0994257691823     196.55752223743957     
285.07931869119807     175.1238334771937     16.489759619883426     2126.493394873831     271.87040096256067     
368.56788618305177     262.8534827976683     93.39930315566475     1920.2164835713888     275.21958941573547     
284.65350731549927     292.8656863819177     82.85350307787832     3442.9559602259524     48.29931237619667     
368.4826408170856     384.06839979265516     12.501766281274529     2397.149765484112     239.24430843819067     
331.15189474005956     330.48863442989943     60.992427613268966     1771.0051954895434     392.6322071337491     
242.26340643212356     203.3345013975043     39.82058319108832     931.2131473841492     372.15285909556343     
223.09608965656594     123.710075211225     97.3314798827215     2486.1468589264814     297.947149539671     
323.58878721699193     166.25769793080346     29.105101089371963     1431.951321718408     315.31701617984277     
199.10468554889675     335.19893626715714     13.785312154871043     1214.9461656286217     308.3292892047663     
100.53993322542944     156.88876526683296     55.06674634442922     500.6773687671073     266.56450949003386     
290.20736872144295     356.3633176352824     55.75039250108238     1155.7737643597134     63.55053641685038     
