50.0
113.40435185027965     162.87679539555373     80.3958557697267     2327.081123961579     377.61574047865565     
107.76919640816547     151.70595897280154     22.512337283398097     3141.411611329718     466.40697473020464     
317.8682606142129     172.7164830538815     82.66823004597126     2210.143338258741     127.67824018083513     
268.7342135648937     138.34010751028336     76.80790987571856     3343.174750883799     378.6872036664184     
134.174558321704     285.61891825696966     41.9213435245412     1404.782698022604     157.32568670907744     
381.33116799870686     392.6321635905263     40.44739434296664     1837.2630805781753     185.23704616070063     
331.21918459317095     392.81946920686175     90.5537390121046     3915.5511468069853     224.19106585722642     
150.532195505038     361.4651157044563     10.767571937676934     1885.8886140874397     246.46530517332064     
318.18457930461057     387.6994515793108     11.577479557936377     2463.71883496559     480.2533959953801     
257.0598115227233     146.56081594773212     47.17953523068056     1414.2999453007435     495.1837593299856     
341.37280763321314     103.56672040596906     80.87459460753038     1920.3620809638473     181.3255617625548     
201.24118798431266     298.93731079549684     80.61692601180054     2076.66105190954     173.3369599343058     
185.67733857416846     266.60188239297264     74.35077858181376     3732.7011198647156     103.77417854713224     
129.6471417965019     112.92033657047443     61.232024127507536     2220.3984066827798     475.7624562475399     
250.2878375621055     282.938054023772     39.71122569486118     932.6924569997263     468.1195795493035     
352.78356582614515     102.78166824915567     57.36971514095948     870.463285474452     139.4545260277082     
191.16052272457577     109.02791463289515     47.88537316211556     1101.14794764289     4.540808385308367     
127.48164314812627     179.9844054629777     94.70110498742172     2933.6420661496054     158.44764022988664     
310.3670124329883     256.458227717767     21.256617507070164     2769.9641731663237     159.344043103775     
177.1372303243259     126.39658283524233     64.97818098248393     3385.714929833067     451.98399174497973     
338.2318477759196     331.4908920099747     70.06369766504437     3737.507026338288     434.6419438446153     
266.24593909304883     143.8273107528484     68.96352529525205     2461.355347883283     227.58491079072553     
272.6938912251875     379.57252090306923     85.19865352378125     1729.348500520364     448.3374149141582     
390.87529351824094     103.91734651238816     25.29209681332414     2239.5717317845783     73.50746212892062     
222.02989442728355     243.02864355461756     36.01123564479639     1238.373234928989     70.5071234928526     
275.3510098403109     336.7910873086717     46.746136205600294     2013.536987147591     79.3345821877802     
163.34537657015153     141.74956518099444     1.8325325078731303     978.1871982587795     75.93823868449675     
357.49189303446514     129.89803296884605     85.89143117200615     921.1003153956133     431.6213864961757     
287.3933741745283     170.92629186418492     42.255439783561     3083.618364946103     211.3864526662997     
153.62485098486792     219.02592617259944     94.2691263095172     1795.3186422158253     372.1002926945689     
318.58742741641186     294.28595234961017     45.57275343019982     3917.1940883123602     262.5939908333273     
322.20366508006833     186.37908458883774     42.209276389301664     1588.1282678310506     99.43364022632824     
181.72972521133866     386.7261734042224     19.304098913701427     2414.544248443663     472.7331366865601     
216.4351628123148     341.6456783794987     61.49087860993294     2625.8690301180554     14.39549458925461     
349.11690826123504     286.1113334474552     28.881943426789867     2421.881205729369     419.2243218591927     
255.6152701842755     392.8258298197363     9.990554414147734     1434.7872600639812     213.1627665409693     
244.3867849997796     213.06389789210976     98.0685597077336     2690.6484425856875     404.3169186926926     
149.06226644587855     166.89588894137393     8.423761654061456     3325.8283197204332     340.6011296191031     
364.74304731048363     271.0918781891795     50.60634909502119     3367.1595069064824     464.916802149898     
221.21183916831725     254.71609461360507     64.38595908787671     2459.874089973242     41.54236932085064     
108.98943289970168     282.00607163059584     60.342358997678545     2616.0387038709114     247.39670065650517     
380.6503763442464     229.4620257902493     11.056651842619047     3421.9044520297684     397.56748491138666     
174.0073598681817     326.40430124821944     45.30553061502548     886.455885079504     436.0333454410015     
317.0902752796693     258.7231359770629     37.8594633268699     1571.1329878535926     342.2337188567975     
301.74588861402975     352.57727090110575     68.95601767401787     3358.857600418304     429.7802652800155     
339.45183163131264     243.65129942347122     51.61135904023283     595.6775245573174     469.513464068705     
278.2214349167443     394.50173309195196     23.3864589218425     909.9476055940931     511.8053073921829     
274.6656427755355     106.48297446928594     60.59165459247634     3487.4199552574905     40.94991332439952     
297.14638946592765     379.05014847925804     59.26387248677245     3516.278232305334     102.09938635815405     
143.3408267673745     103.6617541686162     34.676516918620656     853.9547164442492     253.1762827991816     
