50.0
332.2352199694835     103.28632855745681     87.35499621122946     1831.5432636341136     338.7474967533737     
363.81554737906555     135.68310896650794     65.0701532706856     1095.6787379000818     311.92892155271994     
222.8284066988026     196.36544284304688     66.40380460882774     2700.38190325424     318.43597061728184     
205.00026648154284     260.5168350328508     17.554005981374832     2529.496796721247     155.98372518092242     
159.70673316697997     239.6339123120097     13.967687372069527     3835.134958213416     382.0279360509805     
369.7596949269299     321.3204179281572     53.96648790789552     1945.4181990047662     50.95013108630894     
177.24809837814286     293.52078192007133     90.67594562024487     3350.4389108791347     266.587125272632     
240.25208691140895     365.19533512970963     62.78640780314314     688.8588919459118     247.21022396496414     
268.4423549519637     393.3387731149362     3.7855773512942226     2925.8071303307215     267.00409901679336     
159.2388690112626     251.68449326054022     9.72758940788544     1415.390356730888     86.13275283418324     
378.1769560767921     277.5550563449387     93.50504618841498     2950.3554784774005     147.22847976460167     
172.01071208725187     109.2778660603425     94.09803098041505     2763.290183392268     377.23966279871144     
234.36693802529754     386.90210487299083     95.81079746484149     3790.7159437515534     273.3387686585583     
135.46208278312827     283.4682688431782     54.016955983165694     1133.911915838747     48.92001485893849     
329.76352321135016     187.57562630823384     99.46466612575378     667.2944877619136     22.242973426313768     
326.29902845522486     365.2935040048003     8.907356324860471     2486.1095018821047     72.78227614752251     
151.13742578654058     163.79178694632301     64.14894942094723     3042.230578837144     224.40643324270303     
293.080953941802     278.22287074025513     19.825337437852873     3748.1329517000804     11.417480735394179     
232.36064895156306     265.26213665570594     20.586634044802842     3690.93138249073     28.38845059211127     
197.4225694138495     167.48120688744353     86.91930070144464     2155.858823242853     264.05890593780265     
296.8869842865882     317.96788709780674     81.91472589392909     671.2203083448426     279.6348851739478     
334.3686149566105     125.44758775506686     48.495195545396705     3787.501322640596     162.86757855516322     
296.1285585682916     263.44206073707755     9.69790829407141     1385.4814148487758     20.421617276642678     
134.04162911448861     200.30334405292342     71.72443294449693     3209.3018457287385     314.8490354026784     
190.80143617349694     126.24923500685215     75.64016776072803     634.4216985351545     384.57183649545743     
191.67907084374605     303.005078196504     43.956957502148     1956.0571979980236     169.2124893524645     
189.71407595530962     232.32875187751202     70.667862778045     1261.1033719209559     258.0801036067468     
133.83558199611863     184.98232779838906     62.94401219639509     3956.3393285872603     319.82245123752284     
236.6317691061061     265.36624495447086     42.57634169428079     1322.8199520777468     291.5673717672535     
279.73126469283824     320.4519307426726     50.14689015942386     1191.1900454914057     305.761010350406     
332.38899099977505     124.59335431775308     99.37273781307371     590.468824822149     245.06283374354228     
140.56722812318634     262.3361660131607     53.88484672972223     3742.937640017345     60.420241676671196     
212.6489205693919     397.79101707031595     31.8923967953448     3061.784488653349     330.46263529903115     
200.38333086545398     148.5897264208801     87.59599544367806     2398.26561312821     131.47509015238722     
167.62069098011614     317.3754336231316     71.85984599093264     3079.783718411616     510.6497292526063     
241.16388607987142     220.0910108516407     46.249981365978634     1997.135551880174     433.0507153841532     
339.3244857119404     297.0571769249678     72.51438562187282     1431.8851621085867     367.1755606353981     
106.05841211331796     355.6314063993296     33.32380196650209     3951.6843044788234     167.8915984830328     
145.01293468631053     240.6456775329111     41.994799103700544     3071.42015586931     111.10116105917677     
298.6153211152971     272.12608055933026     98.15828627822498     3161.5299753311824     337.86594866547335     
237.17325357382367     254.27768496539824     65.20937392040041     2071.871973801971     366.57417756735686     
395.85479445060656     346.8427696411011     54.44054570227892     2343.4593012381392     380.19493141631096     
385.8944428174704     227.0178362266435     59.80091493765317     2807.5616771388936     70.47770889916893     
229.047316031466     165.75884121801988     14.55799024978428     3423.36006733965     310.8844489910136     
177.72071081504936     162.94012261888872     44.508774860826286     1232.2366265724772     194.52812100064278     
170.61889063786901     340.3586349531072     10.255670416187934     2260.304919733925     264.45624132701045     
315.54781288561264     358.1654515937614     73.75065642771774     2820.887165201334     247.02112097025417     
138.2631848136578     271.20555606585464     70.07633067607874     3420.3949937071916     380.7256470021528     
130.46130335511515     118.80512392262995     57.1779911826314     1189.0803757630565     256.52904290897226     
309.8809374151899     207.0881131913912     20.21017451527456     2879.502633352922     111.55463323792435     
