50.0
139.4578518576959     292.98056673612666     3.2117194543175853     3692.869087336098     370.5069400513442     
317.54380604602613     306.4862103590176     27.62449092087813     2908.138838997387     101.46225044866583     
359.018335195973     370.88576539912407     32.12169590242154     2350.5833411730127     151.23349252619897     
281.91647761464094     399.95007025751386     94.57747138923533     2227.798617997954     366.0134949988677     
240.54926856851142     291.3189381756008     46.92677186682673     770.0981806151173     474.769846679626     
150.19422361893007     301.3292752196613     30.861767269691665     2508.216309896986     96.10700337269463     
213.17885065805075     101.77790248285939     82.57205717143768     602.8468395996612     129.33397815015377     
298.1618521633503     115.89127319748006     49.324888582228375     3217.5265488807063     400.6193508251294     
184.33631782418098     170.10991048151078     76.90722034296074     1585.1705808280965     509.0918089237793     
233.27911013734948     190.41359471521992     72.59897806157797     3513.574758793321     86.4477886034569     
357.5316114646104     227.67533428297406     93.3970612917879     2086.223085345612     382.2799376643512     
337.2356379650569     290.35491738924975     72.41997016330812     1840.0910080305089     57.26244133105649     
286.41306284138864     171.47981721980972     28.526843656003887     3888.5298488075164     238.22152145752932     
152.86196365247676     188.9676211954469     93.09238469798105     3661.9342045427516     500.59120685276366     
344.4536495113698     244.72621573822275     33.14789908989761     3324.8240411224233     297.10706105092476     
358.0282543872097     131.82620224828833     62.05839881380747     3553.5382453743723     65.84835362632947     
152.96913229615726     149.87616258826452     80.96138857647247     1055.6198564617462     277.92932327450364     
216.63064742592263     342.9599344404366     34.93934968783476     656.5068929873114     68.82590345181603     
151.78926401097152     360.18985862545344     2.815218176160783     3145.3196400552683     87.38566904297318     
369.71543112835013     251.49600853754157     20.080554184378762     513.911344745768     466.2315007628355     
257.7044752825683     231.21778704644623     46.025916039219894     1172.179060176935     316.39074944127503     
283.9856254928511     145.4212480839204     2.862704604985733     1583.0313420664943     91.57709141689116     
325.15079259682557     305.17439175089584     94.88173555186027     1591.8124988783902     379.5792333949373     
102.0717524144686     180.17476434513262     37.47383094394458     3336.280896533161     451.59956017245077     
214.26750275481038     341.7925577616395     15.9950920957857     3753.6825498725984     115.32068434401918     
341.6660061281782     311.14526651413365     83.40654332381075     3066.5392157267397     206.9280093321862     
194.6962390672697     228.3386082455347     42.22482642243004     594.6949779805323     23.81734431059823     
157.4900182709266     231.05912335976743     45.90977752617411     2251.1732541930696     74.40141312410498     
253.9547648611334     159.0966097519888     36.26642114316764     1189.0643991978807     395.31105584064596     
260.6037803390021     224.43826144897744     89.54894724278697     3055.2328677536716     191.78638681403186     
170.01850271206732     156.8831049424373     42.30910089576177     2815.4082721841087     89.78643022308438     
169.21497425530606     123.94922182749312     57.79219595850073     1123.603846409307     247.14666602959267     
205.4219836652254     123.04002350058391     36.79280086995339     1892.8982727874811     362.3253112478084     
140.30195994998476     238.161320227495     70.3348164177309     1352.7320617108085     67.27401175600926     
239.7299695342389     370.8236870378167     80.48797341721297     881.506734121989     132.94126359976713     
384.3431473536859     111.02562264858152     25.2026083690712     1121.7493381454137     78.90486361152165     
307.04312767249485     354.04898858951185     89.90216855270931     1716.1290328806283     140.80275245509148     
139.5129291218822     262.75861153389275     91.35456396591421     3800.7155137510777     467.41764683529624     
122.15069940160683     368.0830885900123     30.237096352624604     2440.781915309346     428.74041570504454     
256.0583489838809     315.6819739630781     96.6645557604642     1438.9907580738086     316.8325696087555     
263.3157106014936     254.57500768199154     61.43851703828346     903.2449033808225     319.32583479486476     
206.34868333468086     341.28893199213906     48.24218259891536     1841.6163375511767     278.71924805285516     
230.2072576471309     201.35499273393202     77.77141659850017     2099.4353482520337     109.10868190905092     
267.365384774516     214.17106932281524     39.80842790502634     886.6341048897832     110.55634106469614     
384.3475473263604     122.37741132345084     87.09979853104531     1793.4447737713679     435.30357712966793     
257.18514777753046     260.6774234808944     22.338764498819696     3565.542764133094     198.6838092754507     
127.22400868088334     242.9873080671069     3.7515820791765964     3867.3916572007183     203.82978145517995     
318.2525779432242     154.95871008082725     27.803624281446492     885.0637940552579     333.7398371557515     
221.9714682305471     277.67555899471245     36.414816115666284     1544.8981588579097     245.62425843201868     
111.82821025976321     300.4782332569414     25.265290205827494     3266.983743254339     453.8827518903851     
