50.0
104.47365042010671     287.9081017143054     63.00354759324661     1550.5820605979027     42.72521948037655     
158.4536458435528     261.16976256561384     77.99210253044508     1130.3701231355544     461.9579805098689     
205.0326439710692     399.2474693847947     34.59749679066282     3411.0247211071282     263.1001155512883     
348.5098031578642     117.45309048533775     23.301394950280308     1300.342820329161     495.723152016473     
278.2547588422955     208.78226970615765     49.111432606591556     1957.4088487371205     52.25343508710779     
287.9351518021165     129.45905768169268     95.75274839847006     1177.8993191010209     233.54656436794846     
126.84322649457619     245.1897260083454     10.946016500580003     1027.8976265941524     403.3414045511703     
214.79984176813036     367.1901966957812     12.508262326294716     3788.317218190541     253.57602874217764     
261.83734194154454     285.2503913164009     45.293645207162925     1735.9660993410084     433.88845504188913     
380.4933979051207     365.68935945171074     48.753622209934775     1999.709150202262     376.1193555211123     
142.78335172249766     286.005009325914     50.64370693831648     2873.2077852760767     415.58615830031533     
234.75725874954514     152.59521926511363     3.254118496834668     1148.3801642447356     290.5982030449864     
152.8110988208397     231.40258130068415     29.564223462042882     3179.832139112871     365.81885526976197     
133.59782935807957     167.8370084070802     61.04026143145486     2193.5053156548647     113.38700972738661     
265.0040189281482     316.37067497469764     84.78014501824886     553.7274716930732     510.88394770075325     
282.8387133727441     127.42506341542595     58.19855460848515     1744.0118640362068     151.07647066642977     
325.99624488785355     331.6683158472333     15.602204069517168     1095.877015392908     161.21251546335884     
373.7106113376997     383.24198843720416     73.98406594653076     3795.234189125909     214.99154368040593     
328.75974036685267     380.91712885142533     54.635677829878105     1658.1982211960337     20.765373077322806     
304.3342624040951     153.36114027451546     4.947362829141522     1366.686662052451     123.86654177669368     
286.14681544154644     201.28189275537062     51.59193454882299     3040.5363410815753     72.67964610651649     
303.534363262218     380.1184904638134     73.56063370963531     2321.649075185842     340.93336058562204     
209.20590865430881     345.50785429150505     84.17499053123649     502.2533943113542     231.673086955004     
352.1269429965935     120.52999449131019     0.5816228480284735     3842.819321686506     425.8134260890929     
116.0563324850483     194.22764507465683     63.72176510192171     1065.994368540056     253.17573049486492     
257.3324871329785     332.4564217250471     13.31566592409823     1571.91196096712     91.0202563372423     
316.84297328246737     162.12207797190928     2.901276315738166     1756.8383997079266     54.15308422235455     
133.65350399689925     154.13671477248846     59.79581486653536     3772.78501354092     16.07665824082534     
373.8348744981535     252.83944439632302     35.750400198608     3678.8956653319206     481.61008502849376     
338.4767218811263     340.49115764109104     67.03030826082677     2142.6819395446373     411.7289797762978     
101.10863426102463     348.4185865972214     77.13068270346339     3477.933815585712     392.3219145609044     
242.562795871351     140.2770874232157     86.76032990124459     1661.8858079404672     97.00091954937818     
140.68501030424574     336.8807003269544     93.882281292953     2996.9235135065546     299.92557684845104     
178.9039156825272     239.28955535491977     58.086014279369024     593.076875076568     455.37003436256157     
118.86564251043984     113.89902084596665     37.14124195270282     1330.2922894060484     181.62531890348305     
332.2830579569886     139.05278105788045     27.874472079231705     614.7570638209758     383.6726885553523     
302.4376724914192     322.9590044076967     72.15032285262235     3230.670378813967     86.91518768275279     
135.0664281638542     262.74671517491686     78.64238125885787     912.2034560246645     340.94638821570106     
136.1536313510209     334.8038541081896     95.17007633908835     3682.174707300754     357.40407082045346     
130.79931122652866     322.54763987404397     42.75194492324649     2660.70289314995     482.80355968406064     
364.41774580762944     327.53147317082164     67.58644103693108     3119.6909366677332     288.54094331902786     
219.2377547998864     329.408757779394     30.97958330796079     3892.6329068887617     308.5965362094998     
327.5696389459256     309.4640234805706     34.87713004444547     3241.725868199887     431.2825461886089     
197.40681924333427     279.0315013034578     74.08144034614183     1657.8222137170192     244.08087556459117     
249.8926052094485     378.5343880596033     56.66724622719207     2812.469737524387     287.02102525752605     
158.68751903416154     300.0332462848794     95.72044254365973     1198.2603076313721     98.0128013881993     
318.0130456593083     214.7961232858973     16.663265794894787     3008.6545515101016     302.8956352828132     
383.04642345738995     162.94190988120897     83.43087442425728     2088.5316633374323     341.62614856002585     
217.4155530120944     241.8231496178951     34.854428466032914     1900.2478043682338     493.4505004108027     
278.26713484229333     124.66967872132116     57.135299866694645     1834.4175060739792     375.72521020798854     
