50.0
105.9296304924349     108.5873920756175     40.22151957940844     3275.276554385523     364.4622538645004     
139.80398765782846     368.08737826756806     37.62372172716228     1286.0949259766255     176.48237348430303     
231.6090307017237     109.45522388371172     32.07206628936152     3712.8365406362354     329.15388750789316     
167.68719696177195     267.1787558947333     70.74227186659569     2926.6138276370502     112.02508023247469     
323.73027366143606     342.09766980787555     60.85336269748802     3549.5380944499448     268.88293462777347     
325.61688981466466     107.57741966473495     2.1851397692625563     3709.3923894910918     309.47021146087485     
235.90961480312973     224.12074848426397     20.60151274513442     2138.4737647722723     373.183363974359     
348.61473512132477     360.9026015677193     37.21596834950209     2643.279136438877     220.17719573169364     
269.4556420030588     100.13767571478239     7.575222170361684     1594.1615792591074     191.61506432005746     
234.81842038717073     359.2468543046544     91.20384894615955     2642.4870928732976     25.324807637004028     
198.3305532932203     169.99059220878797     49.47297606854123     1552.6305519078646     184.7746771469262     
347.91661785600513     367.3927332642809     14.055598846232442     2326.7688263608043     29.45119553440179     
156.94197619615707     126.02354817576602     5.40674181432178     2262.121804987714     17.39783466701499     
184.58495329473544     273.3445596844792     23.07103852138829     1617.733761383152     51.872241585319955     
305.5286717257533     193.68501975147757     37.11438570891792     3231.75591911233     270.49231120542737     
154.56046598579508     300.9495883181359     47.0870758471752     3190.218027315779     168.13752815333805     
351.58106281093495     170.53420105210114     92.4528048017878     1877.9428063457367     441.26413571714     
327.83051624446     173.27259144182156     95.17568418608062     2827.3054993271603     500.33371281072425     
314.69707383226194     136.00478692227432     25.3088892826835     1810.2038436540677     369.7017014559415     
304.5074722673789     274.0950257511988     47.784914619613005     1040.5039920766912     298.2264596314494     
160.01143412973832     375.13214134461737     49.840558659471334     2270.5949829712345     273.56837016571643     
247.27697865208955     258.7421396595778     72.86183623264665     1520.562857963018     447.44534291080976     
330.036017905897     283.15231718399184     16.122185702758763     3832.4014475262356     395.7193710234825     
364.99817980116376     225.3963399530135     29.03496563655239     2952.0477536842477     188.65993680040418     
244.28067741599372     370.8993022790796     25.08725537865928     3564.7482123665     403.60661703383505     
197.43817870528477     199.81453642443552     81.28707160857687     2508.2998763144897     491.470972171325     
182.94767664948915     241.9121998299623     25.96822100234296     3387.949427059041     209.0632462730997     
115.7680746445427     165.30393248536632     9.705577696033307     1049.7434758019785     105.04681815412471     
277.55361908541215     196.9566298040599     63.623623139794226     1679.7056729423512     371.4696436807867     
329.04876672412956     345.98201139299465     90.90784794048781     2214.282553378126     46.873719354938714     
104.46476367226992     318.2922423772176     47.172790360932694     2611.7454386428863     163.69358231996347     
273.39358730878223     264.4991812721778     15.715845836950637     1055.0544396167597     297.8571003131468     
353.6556134274249     189.6951004480113     77.74829029223694     1709.4655680624835     236.26950832255272     
224.90191881146734     339.9701985044801     30.77446161685812     2669.084358073486     156.911810294502     
265.8256348567595     306.37257962932375     11.007776376416512     1360.026800720183     457.6353511628817     
129.0901465534815     391.96364529786666     50.3090378715074     2946.089424397136     89.61076395034524     
217.33038031809934     176.07919905665392     99.96455568172546     2565.85382675703     335.3802723151906     
104.86882783110921     100.84670070980253     35.400393223171164     3655.186483187952     33.92434619313701     
359.8856124024996     305.7313241031147     2.9071322483090523     3136.4151099711653     81.8724689804497     
278.7800654993918     352.07095381910517     29.383862941440086     1888.6271936943147     484.07692498524005     
396.05637124701406     220.5925625401059     88.45156304422045     3959.540993466829     379.8335679670154     
121.05629274942265     225.29744583298387     30.67786110285562     3885.6533905970387     471.5726582818407     
102.20671579755786     281.8114333233926     90.43891075420565     3339.602182440148     475.9047733133123     
117.11900527731339     271.46717959828993     79.00579446338222     3510.5831153735708     378.9987538805733     
287.6057585880004     126.07911148112758     76.3477744320516     1471.00299394998     261.5094746344931     
261.61746840720167     249.58487851425335     92.14339161103076     2631.4061899262597     383.80285716695647     
346.1952702372086     163.96447100816653     87.59597801023679     1636.250741789595     288.85810713631884     
344.4160782485495     147.34565653675918     71.61515984595653     1617.3157322953098     142.36003351846176     
390.24467708669886     273.7915408210522     83.57533094960046     1625.1082251759822     6.2635182604532815     
113.66445434884326     317.7293110706904     64.85427045479312     1104.2086503768405     507.79520147938496     
