50.0
246.23756667397097     319.4198376599991     80.32204457062333     2083.0850189960356     258.67267092548764     
380.654200608058     118.32905655092844     15.310278751664407     815.9031377408792     381.03121490322656     
300.2683291905006     371.4918342161839     68.0508302456077     2624.4550804120445     386.7326829813917     
142.6639747415832     276.6739790905792     84.83625624019606     1894.3246884077282     448.25054098058763     
184.72342473800467     133.66247307669974     43.31406803834913     1635.4769874631495     335.77582684397294     
152.77750399089788     267.0769071999281     93.16770839812581     557.8520183431021     103.45218423187174     
200.72526699380245     192.77469706580774     36.82150019935517     2468.942530949824     168.6909001189436     
268.94101752943914     132.89839408365586     34.45160981188433     1456.1979843065824     381.1160245789456     
234.969215241673     257.8027005616861     14.186363651302248     3588.1540250272233     348.79596968352047     
279.0594642077011     390.61494887841593     17.064134412137555     3821.96734988662     46.89181954574639     
246.59665189992052     218.88202410468847     31.088030966275614     850.7337768541202     17.314907173571214     
288.82735958267824     305.5153415684247     32.784354765633495     2675.3315487176246     268.61315324377586     
327.710939316699     305.409946967573     84.36010473487565     1630.132966486295     22.727193280883853     
311.76016740601654     397.4039009913905     79.00061415393134     667.541159292697     165.71930423611315     
349.5326861163004     363.46413810029617     96.0689101835805     2758.76107706458     301.34377057871285     
356.84138535692415     207.78376484883495     42.50062792229914     3912.3946180750104     8.336894756172342     
147.38595330763354     358.25494819209746     57.63037406654705     3439.719942678828     234.080671257588     
159.40157077575915     245.75021011245198     67.58895036066379     3967.7891581954914     190.09580678122154     
358.25653478221557     271.86465523955235     59.10774418552207     2544.0877775980634     504.0525789321559     
368.20350372040446     238.93936361578227     28.628404904259785     2228.8355825597628     377.8572331268402     
126.34467583319203     246.75759661731192     66.7770951428418     3975.753828304548     131.790298511302     
319.718887425694     115.44090417671995     5.760025181947648     810.8741704987731     157.41635368304276     
173.81213879738073     362.775861481897     85.64257267001842     2363.8081306980894     196.09872851929885     
387.4295882662851     141.87175270156783     97.22586856966187     2833.4210849185074     245.40841213103175     
126.94976854156377     250.5633856775164     37.692303712953766     1856.0197729656395     301.3161631503741     
107.54212923300229     368.2867052932046     68.67052346891465     2905.1341935728287     242.59405884083918     
290.6069232342733     313.2694467585555     0.23455409932761073     2038.2220840685     136.51138573990346     
175.32589457185412     300.9230516512464     41.86195274567748     1213.0264340628278     440.9282607627743     
116.4547623905232     156.3424328341875     19.63035650790913     2350.407466103065     339.4612362159344     
180.61988040612476     324.77993203911717     16.845262028536155     2586.279338441275     404.8272113201199     
171.21748633392838     122.29465358460646     46.19424392942849     1597.6360111140748     426.5895176607706     
263.83321984958224     357.7466724009243     33.58113068270981     3253.203459125812     204.33818181504193     
229.30019402472468     183.2451778435883     17.082130711750175     3853.786935976042     5.917233443199677     
311.61227455388973     381.63202056550745     44.14313898811173     2498.4405804649286     226.9899323376585     
107.36013548919591     203.26345113983075     50.8006852887023     3999.7312481421477     135.97431685931764     
265.5701657358776     200.4112371789882     43.637676620282114     932.8625594990855     218.4546266756214     
385.58640802743395     219.16347665275163     53.79386911290284     650.3566153764234     268.05500793026914     
259.06995828068864     326.8894903833541     7.810528864426425     1979.4519792036222     478.28696947797255     
298.2363822803612     281.2444551449481     84.69059430532735     2562.4074123101336     474.6615275476129     
151.7029269964421     242.55566392095434     95.02297245884778     1690.5861811170162     68.422391989088     
392.9782794328318     103.03573380378707     72.59583809144165     837.3657119990728     137.97523402743053     
154.1805849612858     175.63535539336425     78.68664922831711     1123.6159984355409     141.31325100038566     
190.6475998832712     204.56496585870207     53.70195454706781     3080.3470555046874     375.21940367010484     
187.9211323304308     355.39757800804637     98.67271390080117     807.6530557134538     460.06061183428255     
202.16815431304929     239.89964282196829     25.97547357799852     3441.64583508137     287.33495411874827     
243.40433925890898     149.9669428966736     23.55129115987803     3422.451239558687     215.15893063002545     
172.8310562995444     124.27244402114505     39.28832059557858     1876.2620035385967     475.9777510240204     
183.82694982027368     245.76821289329237     43.22911987075848     3634.7823528150807     28.011952267145887     
313.2695269593663     346.2357441371777     41.72424303640761     2537.282821523848     231.9656662502374     
109.83486450461034     161.99935329207096     8.656041469166064     2795.5395772715237     440.7003938341447     
