50.0
111.30974694781045     232.4436386363692     39.49164645946636     622.407755229552     318.633332931497     
171.76257169348014     249.14952959778228     78.63844255204422     3983.140908964973     141.85154088243945     
338.7336071753864     184.58770884757683     57.68524034863511     1613.885394804889     196.17110488945906     
156.25131777710874     248.47149582063392     77.03467725609234     830.7907192952651     17.584722099534133     
250.94180456027803     161.55152330046425     47.897761948448036     2756.3102089120493     353.5704810573249     
244.46173754184892     377.79294388568655     85.10469738310557     1583.2193667284223     132.21215609217688     
392.88237469300117     105.15481190820407     52.17795521017025     2271.706320709346     297.9610312907118     
273.50758516590383     134.02614537154153     48.15287978858744     837.4440881164342     32.68410329817141     
177.89787964723837     251.26350009254455     7.32467702967644     3430.833882744995     121.08974310088922     
340.97524220102275     259.61394937271365     9.799956529105602     2491.845151964651     324.85918661853543     
162.8210785522585     255.9435466028492     48.347209081499976     3493.7929018790105     233.01117834363106     
183.44962005200517     305.60322487065366     14.947364482632764     3496.917040514895     55.55311631711771     
228.46094267281183     140.15101181952593     37.637793980952075     2163.05363688711     282.9098289618644     
295.9636980707835     334.4276387541815     88.91894781221467     2877.4093160102225     342.06278915078065     
217.5876457209026     372.24429155083317     2.2007937588162885     1469.5687319926787     382.90185280118476     
210.94281806237083     204.29299714981602     57.881401488242     2605.330246532928     504.9321232417536     
237.26250761891237     182.96875439795224     76.5725019580444     2158.2835551918206     96.9780812427847     
145.85007351300436     320.13185117282495     6.074237187345243     1711.0391296581806     411.80599584546775     
298.80905192546135     197.13117658101316     14.58119006683466     1599.3177447895293     135.22058378492335     
102.1320501379216     328.0876980625873     86.12329806148614     1839.7034097698945     349.20466336536316     
176.08332848260721     285.8695106187     55.96719808940422     3474.0828432617172     395.55225967381887     
304.50753911582575     302.1634991093249     36.428867764666215     1018.8216549921864     81.44426153994692     
351.11212796307314     357.58772976027905     16.549317994418335     693.7887512748503     38.06210588407828     
157.8662847398628     289.72485309182855     98.78302232587835     3886.321304814899     416.2271086304153     
111.70122779743164     202.05926704300379     35.84013121991657     1571.78537359571     16.888158737154185     
391.21818277871057     224.62069739205035     37.26614992307164     1060.8833129372265     87.13106844608956     
355.2835735549501     367.1358418794373     31.845842551262336     1085.0279711290036     432.235840818034     
324.8612270927108     146.34866110374637     11.197167144893294     1450.5070385324702     332.83852375769567     
160.02900663171633     140.59966965609962     17.614494207975916     916.1206049140906     452.8614924481746     
332.2616984449943     105.45972643091937     58.37614868461214     2911.73764237501     401.9627382075456     
141.95924477491468     239.07137601475847     61.61136039677244     931.8104744216848     25.758995494947783     
364.54319684868915     349.7168634565264     65.78428608109618     2571.1905409100737     405.25379814457204     
345.3284896914723     103.07628582910576     78.2061587986397     540.8182878783217     307.35179703982624     
328.8801571349304     143.78136809605473     91.82976839027856     2919.729100117874     82.29569410512983     
293.6033931538965     192.35905684467468     14.769352821230564     1721.3024687328673     459.71346842511815     
176.84172749678947     334.72350741109256     13.496681212381311     1315.5105117707972     324.0432277539852     
376.7046611863041     171.7381512304616     27.723728557570926     1552.2887693364291     136.71678307846457     
102.62644092685905     154.70158423904113     92.52778474696416     1698.695617551206     312.18914312370686     
194.3939020168463     327.0634944302243     76.3235058344091     3233.7246300357097     107.04460383745953     
310.39755021667236     104.92589079432842     34.02346196337304     3502.424028654577     253.90160389795426     
329.3768554582148     328.4755819389318     95.19069437806041     3394.544508997034     372.1851337608476     
194.24081288120135     256.65706138841676     78.35353870975807     652.1393556180459     226.42637830117332     
261.3601176056688     137.89233463520995     65.29367273276821     1548.797385031302     210.3800485939051     
241.72686027352293     286.55707540743     60.6537688202892     599.8991055675253     328.910061359873     
265.3919379738902     186.64012268087464     88.98462228288112     846.478712227836     80.49580560502119     
304.2117246381986     147.22646301367567     61.82444337524687     3549.2387439748454     217.06788095576007     
385.72526486365877     123.0018872513437     84.1123215180194     2531.635806670771     9.446620313591211     
253.83196605799398     107.17325060047307     89.08783104103958     3857.7481627755215     218.49361909464972     
147.48729349691143     267.222017415603     61.59850847592888     2667.439170930157     143.6121591650466     
222.06374875842477     336.6538717370735     73.82887021290739     862.9526884289394     408.9891758082749     
