
50        1192.139278075382     1187.5594666803765    1174.770901178766

50        668.6956725998357     661.1646460822344    648.9387398928606

50        3138.3868638121853     3136.1785492562917    3119.5928962403013

50        645.0299965613996     638.0232388711885    625.2156394975372

50        749.3841087355357     737.4007039400568    730.0198397375224

50        1031.1297052138516     1027.104268365358    1014.8746877009279

50        1015.2407609990017     1018.1848214344052    995.7574387528999

50        635.4020246924833     627.9820339667306    616.9671831851948

50        705.405740020869     697.4785220701269    687.5286883895321

50        19144.425915206793     19139.818353569106    19125.189097738465

50        1912.0416853827228     1909.0412235603062    1893.1263038045336

50        1072.330303119476     1062.6597692228015    1053.6638649395125

50        1212.5533587670109     1209.4806327636356    1192.605049905784

50        5005.717877605776     5000.008802128571    4986.330228611965

50        1027.7505401030985     1022.5137453913958    1008.3976942887213

50        1081.4873931190002     1072.5134588795152    1061.5439449681098

50        996.710388911846     993.9476537841352    979.6735451515669

50        860.2445632455123     854.0128408879021    840.5892943584417

50        1878.0710747460612     1873.8811727445138    1859.7763317951753

50        2558.479292004869     2558.7226547457126    2540.6048588792723

50        1880.6176882639904     1876.249987837662    1862.3401561031403

50        1653.5802499764625     1644.9565825212537    1634.0237208274002

50        1590.6525844985208     1585.7970282202555    1571.8068833907635

50        1751.3959879982895     1741.8067512158764    1733.898524826095
