
50        1195.5947437448337     1191.2764588900668    1180.613756425149

50        673.2366716327296     666.495746940174    656.5131754252608

50        3145.294546544498     3147.680805855308    3130.203760264565

50        645.8484011297847     643.006852823284    630.2175575271259

50        758.6776970532461     752.6988963659769    743.0555702394071

50        1038.1273927526433     1041.658911227861    1023.6839320112813

50        1015.4544093781777     1016.9539865506318    1000.1998695819018

50        640.6167730113389     639.9130571836238    625.664979733012

50        709.8272855706807     706.7027113140128    694.5296011104085

50        19152.47353456565     19146.878309679236    19137.091723166486

50        1913.5387513206297     1907.9012685386115    1898.6044361280758

50        1074.7788049654935     1067.1000227661991    1060.5850897545954

50        1226.689690985645     1224.9696939748048    1210.4986495499757

50        5013.383262714548     5009.538462767122    4998.47289792661

50        1039.8182067476494     1027.661086184878    1022.9266695699582

50        1084.4118253887552     1084.4304681237302    1067.6068589915674

50        1004.8582248564018     997.7747927728112    989.8315081245341

50        864.6450738353492     859.2556693453291    848.9759085616744

50        1881.3587362220103     1880.3629254979026    1865.1309115767526

50        2571.365567761302     2564.5057262551545    2554.846503049748

50        1894.5498889103128     1888.0489166503166    1878.7783204835869

50        1657.4789069921699     1654.6988638153766    1642.3663347662437

50        1600.1809705901635     1594.8534232724176    1583.0449228665336

50        1757.5362428566568     1752.3660504984878    1741.6102871674739
