
50        1188.4612453023972     1184.082630637329    1171.24284130796

50        656.9427643585549     657.6708688607274    634.8635657238963

50        3141.661016863747     3136.8746676073592    3121.492086074307

50        638.6471992436886     640.8736361504294    623.8143025855547

50        747.0458619066274     741.2349141105433    728.3047138828811

50        1029.139000744215     1022.2941448582004    1010.2140033269845

50        1010.747630489362     1003.6007143115648    989.4784524622022

50        630.1027619001503     627.5533736842929    611.932040169997

50        696.6947191110269     692.1191474804737    679.7335022447962

50        19139.968632708627     19136.602157609632    19120.280112081706

50        1909.0307200651198     1904.4974267251473    1888.7288062476434

50        1062.2778721849083     1054.4775431355556    1042.7236587086845

50        1215.322132103663     1210.7504005971384    1195.8115001856565

50        4997.872491311906     4996.175638779353    4982.4992817119955

50        1026.641530591474     1019.4179639341237    1006.3721249343195

50        1071.2955476846464     1074.1226155211089    1051.6005886539658

50        988.9950000324986     987.531427010268    969.3108404770015

50        850.6448991989639     846.1846416960516    833.5598318674009

50        1873.6513294581196     1870.2929586537336    1854.7495607463493

50        2557.444610269266     2563.1052538775352    2537.7995384556116

50        1877.2933787196596     1876.9515528817617    1857.5717669304074

50        1649.8350508531025     1640.3170562189048    1632.646769805497

50        1582.6907896962173     1580.1354083987092    1561.904622258242

50        1742.1461546594132     1736.3522121234078    1723.2246944354224
