
50        1156.4269459979482     1156.4269459979482    8.983883856103477

50        626.8994928959893     626.8994928959893    3.5667962754789717

50        3108.739652466986     3108.739652466986    25.39130346478181

50        610.3145258259811     610.3145258259811    19.13835341088229

50        711.1620606424611     711.1620606424611    25.04484659915103

50        998.5428378331954     998.5428378331954    101.43156269574271

50        978.5799415314837     978.5799415314837    0.0

50        606.0053921386333     606.0053921386333    43.860285840875264

50        667.7451155862144     667.7451155862144    55.3033936195204

50        19106.17043601745     19106.17043601745    19.82260613427205

50        1877.5112033893934     1877.5112033893934    116.9237167550027

50        1031.1254537364914     1031.1254537364914    186.6476288489444

50        1184.224820030332     1184.224820030332    5.238328752827992

50        4973.1667644703075     4973.1667644703075    3655.768029802905

50        988.8643624824865     988.8643624824865    26.00723039628828

50        1036.592601860078     1036.592601860078    0.0

50        963.3228885929892     963.3228885929892    24.3552736249589

50        822.2858088631558     822.2858088631558    0.0

50        1843.9244674590564     1843.9244674590564    4.659150577584837

50        2528.6825591296924     2528.6825591296924    22.609054541624847

50        1849.2103144086439     1849.2103144086439    0.0

50        1619.088163375538     1619.088163375538    25.578234038070278

50        1619.088163375538     1619.088163375538    25.578234038070278

50        1554.9269949568345     1554.9269949568345    5.832953215032441

50        1714.5192738100673     1714.5192738100673    24.836433226320494
