
50        1153.285543703983     1153.285543703983    223.60386667718763

50        625.6290933010786     625.6290933010786    23.411192060279546

50        3104.29584596013     3104.29584596013    43.696372906858336

50        605.680915712798     605.680915712798    35.3911437233525

50        706.6683893707855     706.6683893707855    22.723187862445194

50        995.2656230281738     995.2656230281738    54.324145005765175

50        975.9121301184459     975.9121301184459    75.81027101889384

50        602.6492908023704     602.6492908023704    1.8000324430262944

50        664.1296243502322     664.1296243502322    70.02705119131295

50        19104.25378816492     19104.25378816492    63.43749211178638

50        1873.7757876621076     1873.7757876621076    21.98543301053075

50        1027.3995050617043     1027.3995050617043    26.960509248155628

50        1178.8356628775916     1178.8356628775916    191.78154985014763

50        4969.421670137584     4969.421670137584    3795.1763267761617

50        987.3883768746713     987.3883768746713    24.720039252007258

50        1031.8513224268504     1031.8513224268504    43.6468023625305

50        961.4474802484534     961.4474802484534    68.07347858693129

50        817.7254343864655     817.7254343864655    0.0

50        1842.190397954482     1842.190397954482    648.6265906875643

50        2526.46673915496     2526.46673915496    52.59123187169566

50        1846.9440147260245     1846.9440147260245    30.23672560923886

50        1615.3084250553725     1615.3084250553725    120.17952233855316

50        1552.592212133596     1552.592212133596    176.57682490230087

50        1712.764554802498     1712.764554802498    59.36332636911393
