
150        14024.644357263502     14019.08137190149    13996.84981687349

150        4095.8801472117557     4087.494973350899    4069.2540578891494

150        3295.46454166359     3275.3404849558297    3266.217885267729

150        4239.001635562302     4229.084901357022    4213.179717535506

150        11800.45761417913     11789.695221375632    11772.80656455248

150        4952.310215008396     4949.083828174002    4926.1542134713645

150        5573.014855994113     5574.574855333693    5545.197456285012

150        2758.165115656676     2752.581552302223    2728.4785041031455

150        45110.63643532097     45104.26259274839    45081.291321036515

150        7703.188549651993     7697.484632041255    7675.172169786926

150        4010.4763437552597     4007.6464825318735    3982.6650541738627

150        5513.051592851545     5507.65001050626    5482.978763785971

150        13062.256454269902     13060.279583437306    13034.027436024879

150        3599.969422112807     3591.022627648486    3572.6387971834

150        2687.271066970962     2681.698015177947    2659.581438884408

150        3266.0759873411166     3259.2878673692135    3238.9872002118395

150        2692.856213000693     2686.610364495332    2665.5173866905275

150        4390.400567931408     4389.019626502082    4363.700298247416

150        3105.336366468067     3097.8925378072413    3077.8418420285984

150        6252.048920352585     6256.440577273963    6224.080061310565

150        3734.1108131313777     3726.2830425195493    3706.917563981491

150        3946.0341117791186     3945.3650543690737    3918.7388774775463

150        2890.4567171743192     2885.1228126041774    2863.4262925982116

150        2777.083240160884     2769.270346279139    2748.989035380061

150        5207.730911191503     5203.852010330317    5182.19870207069
