
150        14023.819563244766     14011.678717741399    13993.382177191981

150        4084.191387702388     4075.819075016841    4052.819772803225

150        3280.6619342231184     3267.5631852253646    3248.9209540469824

150        4224.227448269762     4215.012057317927    4193.881872945232

150        11785.965458911627     11779.951303571495    11753.53052853655

150        4940.178569380098     4938.227997238959    4908.995662391528

150        5562.297918175965     5554.024406340231    5531.08146198325

150        2741.4675874525647     2730.2109211103834    2708.2210543762894

150        45099.21302590436     45088.50146575414    45066.13068429452

150        7694.393563966193     7688.435521429674    7663.956897130558

150        3993.883807798899     3983.200235775927    3964.090489058759

150        5505.623553393568     5504.859669991194    5471.898170162968

150        13049.376941426846     13042.637615187423    13017.301609781396

150        3593.120773193442     3579.8254372241568    3564.5706389663974

150        2674.3739478060825     2676.393307689765    2641.741312056992

150        3250.910094884132     3247.877859991827    3219.2700824863145

150        2676.9054892159716     2669.787173004799    2646.820802035656

150        4380.4195810113515     4376.008691375311    4350.225489023133

150        3095.335610720222     3098.167429155572    3062.4196401141176

150        6237.959496276648     6234.420817314435    6205.926343417769

150        3723.644600510264     3713.5906737416776    3693.498538947858

150        3940.0124281342587     3929.439615179109    3908.7562801872655

150        2873.55212578253     2875.7329555587535    2842.9398954315957

150        2767.6766836094257     2766.122113021209    2737.116832721572

150        5194.265102445873     5189.204449907903    5164.631837320826
