
150        13962.468557384982     13962.468557384982    193.05242673628757

150        4030.910511747701     4030.910511747701    1139.3297057168074

150        3213.5451360023785     3213.5451360023785    54.20154912654716

150        4179.2967722596095     4179.2967722596095    110.32871051949007

150        11733.199269345905     11733.199269345905    395.79997503961016

150        4891.101304848902     4891.101304848902    402.9672878696468

150        5509.096556036348     5509.096556036348    36.06848116664292

150        2687.9876333861803     2687.9876333861803    421.5608866406277

150        45041.8838032653     45041.8838032653    59.35599016941731

150        7641.213040501762     7641.213040501762    41.04207428207931

150        3941.4087529651924     3941.4087529651924    28.307927338967996

150        5449.4658260910255     5449.4658260910255    72.36498493870758

150        12997.124589119545     12997.124589119545    142.54019975786596

150        3535.824370173895     3535.824370173895    111.72541863961308

150        2625.7913900410017     2625.7913900410017    146.02349325313267

150        3201.014633775955     3201.014633775955    86.4796455689677

150        2624.868048751128     2624.868048751128    287.5812512369103

150        4329.938434077515     4329.938434077515    490.7004282798714

150        3040.518287452625     3040.518287452625    143.23995695126078

150        6187.532479318923     6187.532479318923    719.9603490956649

150        3673.1620136102424     3673.1620136102424    274.37133632588603

150        3884.9312036402994     3884.9312036402994    108.46622276728371

150        2827.074036056793     2827.074036056793    129.82704486839208

150        2712.6198743491937     2712.6198743491937    188.19506349949702

150        5146.722838687677     5146.722838687677    2166.924438738043
