
150        13958.088853592424     13958.088853592424    1125.7444902245886

150        4024.0979050785363     4024.0979050785363    194.17391516511336

150        3211.409106918522     3211.409106918522    279.18445616216337

150        4172.109450187997     4172.109450187997    220.9656629987175

150        11728.035869103975     11728.035869103975    562.807085669574

150        4885.16959091786     4885.16959091786    303.41967240725467

150        5503.630230299938     5503.630230299938    404.3528852122732

150        2682.4319111346385     2682.4319111346385    676.2442921578744

150        45035.542204671525     45035.542204671525    261.14983419646484

150        7636.038957922984     7636.038957922984    487.81936587688284

150        3938.039129765247     3938.039129765247    461.4320454183975

150        5445.198263970462     5445.198263970462    2195.094011582211

150        12991.563652920286     12991.563652920286    423.7979899812016

150        3532.043187111933     3532.043187111933    948.8491951231298

150        2618.1364270958175     2618.1364270958175    162.8305674404479

150        3194.246495529025     3194.246495529025    354.40895378021156

150        2621.3001673944423     2621.3001673944423    651.1445833220694

150        4323.779119690612     4323.779119690612    301.09986389303185

150        3035.0504074717364     3035.0504074717364    432.9689198255722

150        6182.360764257502     6182.360764257502    619.6359847393138

150        3669.1231695057786     3669.1231695057786    463.1401476988737

150        3878.706472131735     3878.706472131735    611.4610551485918

150        2821.571984794849     2821.571984794849    666.9379463288149

150        2710.367970319567     2710.367970319567    199.28316478032121

150        5142.125873954452     5142.125873954452    289.6305195147133
