
150        13957.149727232963     13957.149727232963    322.4967912627769

150        4028.0070702853227     4028.0070702853227    2067.5045734288797

150        3212.0345138230136     3212.0345138230136    308.9662225382192

150        4173.773647778324     4173.773647778324    1270.053557896832

150        11729.499205695796     11729.499205695796    7770.598821032441

150        4888.694573278029     4888.694573278029    795.0581371651161

150        5505.387734027295     5505.387734027295    235.34869554840114

150        2686.276674021646     2686.276674021646    250.60701745540638

150        45036.95331813145     45036.95331813145    345.8144712501025

150        7637.047466196192     7637.047466196192    124.41081596126392

150        3937.75053501398     3937.75053501398    287.88043295419976

150        5445.677076683951     5445.677076683951    125.84244114989377

150        12994.092800556808     12994.092800556808    397.09307149228505

150        3533.2172506043107     3533.2172506043107    629.6545262358926

150        2621.239437926993     2621.239437926993    197.51792291377976

150        3198.0831087450388     3198.0831087450388    206.88675222615552

150        2623.2546882173488     2623.2546882173488    253.1137099630031

150        4326.487664228689     4326.487664228689    541.675145099285

150        3035.4080014826154     3035.4080014826154    68.42171473558058

150        6183.0962713993185     6183.0962713993185    331.7163206096401

150        3670.7112873513065     3670.7112873513065    94.83804830311374

150        3878.577871605696     3878.577871605696    101.30003198915422

150        2822.852703878148     2822.852703878148    611.339519990802

150        2709.335024677225     2709.335024677225    195.24232446519449

150        5144.282781040115     5144.282781040115    327.92861761845495
