60.0
340.80813676857565     218.83747144654882     1.9678158982605387     1820.832621750773     464.4747084065352     
110.29422315411254     193.02856619191937     38.65642874495197     2903.91200097208     65.56557397129848     
366.92677371768866     203.3292114673232     46.26549134057414     2492.9314428266052     308.0290228627882     
394.0929618530371     316.05576513415974     54.58662603153941     1540.8062987115684     86.01677727409043     
234.26500325503238     132.60030440482151     52.865375903728705     2983.921662440329     235.7444502693471     
380.399971033308     139.95272884460087     6.480976138051975     3969.0554679401534     426.7914325228444     
169.50363648813752     368.92337453774445     99.17371357495796     1206.2714757743272     430.11149628211183     
129.316485158056     116.54634702256007     80.46391624324504     3197.831405584161     400.7685878669389     
278.24559431895193     394.2574947997299     74.87911480466155     2521.0449291183177     478.0249149863415     
281.8718717916287     309.6218261279451     43.15873604733393     1447.1532565102625     475.02671251349784     
392.5548716803858     126.0459347722917     3.4524475294982704     2898.982228409191     460.98119828299355     
184.66633274740747     112.450352582119     77.51848700733537     1730.4184794258026     387.4241969638684     
393.1996999959123     122.79626275646427     29.665178938024507     905.7928731434397     85.50454994674203     
388.450198445181     134.5071984942955     67.21234941132353     1524.3922630299876     230.03770814855505     
178.19509696603325     230.56580152057902     70.74496582971472     3654.711004733694     166.63500040298936     
261.41668981125656     177.55521255216644     68.32029829558778     3450.2128937868574     261.35169399313384     
124.52788566944922     164.0211720892383     23.55084467905647     3940.8983265594907     337.0328019997794     
217.16870601781613     146.31868088023367     59.81456301335256     2369.421088703316     241.82853113679255     
125.67861251760206     139.18841286513282     49.61244532023086     845.1188475124277     258.1306204153255     
125.3360903001913     300.7350292930416     30.099549422283623     662.3770993404949     161.63134241827925     
386.36551195364297     106.21567207294372     13.979574077531698     2452.937003526241     238.29779418712366     
360.897671199453     184.4464550970166     7.715455942729421     952.2007352005267     313.3204528975299     
306.40087825968953     119.72610571199742     42.8242634562817     913.5976301334188     180.6707515857371     
341.0703931168378     197.91658656946356     34.96972055545675     2751.006615848455     28.799556021363287     
337.1808321742758     180.37583596739944     44.19333676619163     2816.2863273714297     490.64904839737386     
229.2719517123184     250.4030867938937     76.3425093894764     3733.0939119729337     225.14877388864977     
132.57539652010445     306.21747360787833     32.104600539358174     1645.615291714849     198.55884668943537     
110.68564260129763     209.99763479128526     44.42775307010004     2464.214325242546     84.74964374412849     
337.2330309920459     217.0101592086438     27.50531627684024     3521.3529180994533     69.14334480427823     
118.33783491819491     298.0087808251859     68.14244276103675     1280.3448304673886     483.7806585632018     
141.88759724691238     132.75481208129557     21.971688665460697     1806.4743679694652     64.85462531676177     
240.75732566370257     276.9976378856801     56.999150390289074     2792.7275063919574     100.24232456230686     
230.41627912379354     391.9487856146383     68.23881707803034     3782.8423563742185     72.89179438447184     
249.0768652769685     180.60596620440742     75.23775319050112     588.455094909982     54.65671789470156     
126.34531607158527     251.26579983509043     62.84124086821463     1643.9634351747475     389.057293699555     
243.1543915678003     308.70152076205454     7.212219634483397     1573.6356343488628     55.97935400961438     
207.3717221065798     250.92958178500632     62.75584626760279     3011.48187110775     495.2864325310269     
231.66388720958162     180.0070048125658     5.0996712150378265     1006.194116488307     118.5598498172489     
371.33844763483444     256.75694670528753     2.725687134196675     3666.960695027939     480.644896494235     
102.30304405342987     223.9126143591959     79.02706764359195     1360.5940773646134     87.69314326133212     
242.97942768814104     356.9276816030542     70.97147432462359     1847.116961600047     2.1841966292712414     
225.89084404603864     217.1721437639036     43.19329683039249     2741.0857721862994     485.91403924802256     
180.58832539845827     208.66331211465993     46.646085103508426     1321.4937091847983     174.79759563620394     
116.22705765705433     204.16128351075253     27.411348597526686     2183.333218838865     138.20571437587967     
359.44800993885076     355.2694699029689     86.34774821360128     1372.4903124738298     174.6266306139966     
378.63708189386193     391.7825168307725     17.429435067964583     1887.1946243246903     340.2166169071067     
144.21034252505135     148.9605817820772     73.28363302924889     693.0856202655788     203.13326609295876     
340.0480989894776     203.32124035678407     97.9461984879101     3072.737376421641     303.9099742451002     
146.20007025796255     299.5210601440489     60.583591245663015     1095.2743344245587     81.1733025922154     
226.59106414783878     116.91618999922966     45.76169580081727     2324.89094832465     418.30691971789605     
160.53127290665512     276.58238025717577     69.43296646434422     1668.4174656406262     88.78333853072968     
328.8912582991845     272.066167596058     96.16219331526578     1153.0556515551166     435.626447793539     
369.6069472562615     125.96563707542802     58.06479084766284     801.062520041577     301.4272382131441     
256.62774490649724     305.95293871029185     80.39622818269876     2165.002519720264     259.67439169126516     
147.59575305930315     343.44735268759314     94.47950160462443     590.4091836921555     497.6371661437655     
292.2776587738746     195.45441590036685     85.74654940968229     2699.9695788196427     326.28868527163627     
229.35700501384966     206.18318848834076     24.610788166350407     2442.0403896958123     378.8301519769822     
117.31992625932     131.62677063670495     9.83540444923915     2155.3686890227045     473.5094932515801     
377.4643281438704     290.03730802142604     79.40825652329907     838.7732711998596     306.0829204798105     
134.0978118773901     303.1604187035091     87.82921875029113     1832.2902348519356     62.41037363140157     
163.8467708444667     345.82041292979295     55.15269274246511     3334.9385758220096     185.30609073254584     
273.0112717030457     211.8128536691711     43.355694300745526     3135.2909537296     272.7003723899752     
335.44850528686624     137.9794703123362     97.76180241140422     3962.9157523629638     326.07324292145177     
261.14605389311686     394.9765654152612     12.246918253041239     1945.9710143287302     488.7873177897693     
274.46510336901895     333.08775258518597     35.69956953477815     2597.638582009614     408.8310991339879     
286.702751745465     283.1786498408368     81.52383056761839     3212.7313743004097     72.4784203447594     
247.34605938169173     103.4724427038626     19.500061775117715     1985.763298501538     156.84372479989122     
198.95810162129766     329.1899811730208     76.00056209538687     1111.9194222464344     92.38741816381349     
127.99575419589812     272.84483064888013     16.29770952643279     3956.431287283851     231.50748287656864     
209.703591684679     302.24703506327984     70.98432771547348     1350.338525867482     435.9158934354624     
230.5330265001766     388.65751610491554     72.87486841659229     3285.6640607500217     313.1122329477692     
356.33055303037895     248.2940521687021     54.06294339308294     2443.7553824840475     503.8817087912135     
207.59429941131162     271.3346457077971     43.66025281183542     1805.4470396152785     498.2204360780133     
144.57203868238474     263.71194813705495     52.005251970043844     979.4888352436387     164.97876173344412     
209.43661562496897     148.17325347675057     94.21739486922499     2048.9635426132395     308.0875279400588     
329.41283489618144     165.22494565204624     63.259935776084106     1398.209847091428     147.76976369277435     
215.90077643591047     262.7011747615551     44.7421948726359     1196.1569716206764     396.45541093171283     
133.32034041164366     148.01547413847382     33.14813110333711     2616.5090055320275     508.3378062912168     
192.45630094467523     315.1434335362867     40.94664140363163     3168.1783821044073     250.11489137754427     
132.64875348430854     203.91899960909598     1.139888082227325     2599.2724531493313     296.5522750349735     
388.83000851665025     391.3743156241681     5.758438433337842     1278.1113406313034     140.3542222128345     
205.18271355038164     304.23777857883056     68.9317202979488     2732.102531152716     341.64114929134985     
235.81836515534678     104.73481286428068     79.14237389317024     2139.8914474496232     136.28718795952824     
387.1066820099523     280.4671132305451     48.56229034080252     2077.4932356850754     428.90431586382147     
255.4368581724451     384.23018425340996     34.99025318845938     3102.214147346027     240.58803750598753     
397.4442228883791     240.26960583024695     73.48829707841024     3823.7324920336728     180.4513316564374     
320.14200156248046     294.1830727016659     33.686080988713584     1492.564708920033     130.84936666522077     
386.8739745626117     125.49793345961794     97.17820986432531     2288.007458095519     68.30206767749371     
177.98423755451574     263.1340351327851     32.19811735173086     3634.847530059266     30.125404239162947     
138.9026813903767     130.02990886789235     75.9650553123493     1761.3199890969713     178.55011659504208     
337.66331254103864     205.82202298619092     6.25860479454341     547.4170954937381     348.72451632476026     
101.20302049720003     384.6520167094172     81.04135362966697     2914.8995383519027     123.05638072503024     
126.9471932342964     162.04744401381367     12.556591875529154     3815.0443992226365     172.47340593533772     
358.4849360925336     357.15911489264937     11.80204597319834     1519.095546743349     188.81400614566036     
332.10611355523304     194.1626861278173     24.39332048918883     1385.3370853452197     504.98967726520107     
153.9830257548278     392.11454777864515     75.28010390449563     2785.4368617225177     321.206123325978     
388.1667888043939     123.33038590436848     48.749556250613026     2517.66998912277     271.4701285240799     
251.36316161896562     396.16158863412664     48.022067577743265     2870.799105993458     456.3637739610451     
149.10681385783116     159.45594272707837     83.31888452003855     3759.500528560533     47.62942842344472     
152.8733204111974     292.15483017861516     74.07718682747344     3705.49986090298     154.22458994432367     
