60.0
326.5080767466803     354.02626339456623     18.986381035427648     2806.408394349982     163.8976700742528     
219.58790943233186     250.36493441290907     68.04511871865809     3699.7800523305527     252.4181675235514     
278.24860982459745     342.4690996469965     9.443296737813311     1803.1257526536917     126.7639782583932     
133.13960699313995     222.9452025553374     84.51317792034759     1406.8532817941868     87.99219181634044     
337.8561011175334     194.82075625038203     73.12069449013133     2758.904193092261     189.5721387318863     
279.61435253627707     337.95760844970937     5.753445772227561     2901.277176092861     204.27036211561642     
166.838924844338     243.84207068594702     18.63250415475125     3241.4681516034557     379.5089479376648     
304.6713320171492     348.1275345105174     77.91350865333084     3023.3004204981803     155.71352974668997     
351.1325490741649     248.320809837926     66.76636951339378     1818.6041627265824     507.29354015391306     
336.2969597593692     134.93472700827817     27.92748642010884     1303.1671631235686     293.5922412763033     
254.8524195962947     346.2032495049766     10.573790473067957     1564.7037978715794     137.0227712541406     
305.64792480688675     196.16826376868684     3.5446888325101678     1646.03967401443     471.77259208653084     
271.6553149789339     325.0488912078748     69.35493756900502     2234.194399321779     21.91228512344503     
188.96178968276433     294.14916793698706     20.022506818298968     890.2613416493444     192.03283065178965     
352.7134207975007     205.9173054843794     30.104502873272576     2252.795988828395     105.66670939817772     
339.5774433457278     112.28982830526351     76.20139998351885     995.7693857395898     357.3405076224133     
268.3962997000739     249.44240657037648     70.60632770272967     2139.951443493128     60.8004327699756     
318.4017058861772     186.3082209375648     2.462003952520908     3302.3827676940373     140.06099511883053     
336.4239258678237     147.9452516237451     35.359299519734556     656.9046697509241     246.34970667030433     
254.1133931708256     351.33212542545823     87.86241394368894     2335.7948953791974     34.39048187041635     
227.08867022661025     296.9163274312828     56.560720105251065     2333.243875203887     160.5665679068776     
149.82047453463315     102.21650084877162     25.149695347938362     2596.367916106963     162.91004210473614     
182.9229183992511     304.6823337254778     84.2045592258922     3573.470088739883     445.86770748916473     
159.27607431871266     193.74545161579073     83.47800012286987     698.40323712523     288.5421156399676     
129.8766598417936     366.87002734126366     82.77121578409276     3727.1641922538915     396.0232995616276     
196.29815339723726     144.27652663092502     19.25356148595497     3558.789214431528     335.8568403479253     
265.8185213748304     248.3864344180834     26.856099839081683     1069.1640201906694     465.81564962864496     
358.597174292008     202.27391389475673     16.833645732809398     2229.335039401765     44.122865843344925     
113.32374740037581     280.73454593692827     58.332256109668556     507.0849480175734     45.67267642709726     
389.35431103068345     233.72105708533834     90.66440998280072     3709.399976249045     65.225880624203     
382.791212028646     126.94723401933389     66.25556693056056     3994.436577203389     492.5877591491436     
293.85608244283685     100.44206485203894     8.24606243726923     2439.522085482667     429.08757698064306     
291.65361032578016     225.3085344187361     94.7507311168273     1490.146194556578     106.47546042840412     
156.21295756685817     277.92220265928404     15.019686178126923     2304.7320671092766     282.0092851629722     
100.71233786625541     211.08644002577216     39.67532403240772     3585.791601934191     218.48205520022998     
274.29103635324327     376.5159673771604     65.39825589616875     1752.3818918833929     85.93636419258036     
201.53177141999777     302.15873468575387     42.123790082704296     1516.272889381772     473.16954163159045     
165.77543988868626     244.36856792100033     22.796613053663183     3555.089860670662     471.49296722628935     
303.64347802901466     318.79405511023253     45.04122303795934     3628.697041282858     350.4242840285047     
190.7581406014461     373.5435686355495     71.2961980703949     2818.454942468716     279.2718843294463     
128.5045869199888     193.76309108115498     31.669351131826385     2888.285340928995     91.90341794133747     
337.08480643983916     374.5226000620987     44.71690185856352     3406.364869456524     200.7798584213278     
212.37799216367773     199.89567775372967     83.60717353966768     2834.1927172311966     169.32722149643217     
104.27612487425448     217.387856639274     89.1304255241303     2637.042817190106     225.13614600534038     
213.39573669708466     216.35187801505708     68.36238619487254     2927.00507540486     180.4501829269617     
185.21766941237516     241.7667118778122     22.56866857329083     2110.6548681964096     304.60070373412043     
212.05748101556517     240.1104645433501     16.884949406701566     1372.7835523853387     233.60081821111146     
146.73455689006983     260.3498225440017     82.75166199642865     2576.750638323441     477.76791632015784     
309.51890953849295     198.05470508505658     70.26203985317268     3614.973592672377     229.76773388073184     
170.06666039537916     213.01737480235556     78.53942998733666     3916.6045177361107     276.3031125113735     
376.6417672751589     279.79943786670697     40.1272040769158     909.1081310906379     118.82883440168854     
379.2580468598252     178.03684699001806     3.5203704464415675     3923.4584661880904     259.9210781275846     
368.49915953060764     398.988473263755     32.0717161717946     3069.491454662108     316.17077018212785     
113.37924474942541     313.3330089951976     77.26729465005411     2551.6947296718786     53.40943977972063     
215.63217408515033     137.81850597443983     57.18120689353571     2990.151403653556     428.12762188395544     
120.80885470122456     151.56579621547172     49.46589367055609     3605.2426239728884     289.38466295254057     
273.803791011572     277.32379300500844     99.55626370645653     2212.150537953493     363.8802782321468     
158.6957230021453     116.96213940890706     9.055824507454336     1744.3885061655178     445.63409888291085     
189.44404595546277     285.48048213252764     2.175325593246702     758.4210560062813     418.2026798809514     
386.07515846847     195.99862084630905     60.99163434181841     3749.1393653192777     464.8451821489729     
116.76732016081377     202.14468904939199     78.64745000477022     2487.8703706617443     348.21598328158365     
267.481732619465     296.77466477488815     70.06127083135651     1844.1026460269254     447.75103529011386     
345.19542147189657     329.59525527319727     92.26983329468827     1689.5361409988454     168.61854775846518     
257.53198646938165     159.09188331189569     78.78849383763928     3214.387993324504     304.73182906686804     
319.9537749437751     120.06869222107267     68.40092241106419     2331.6668340002107     236.19765933948088     
372.7779788568677     256.89004269955353     15.749155934257342     2641.4069919881254     346.2018953366985     
114.42489568838965     136.89701806241573     12.598127108008416     891.0765945231087     156.29772976607774     
161.77689440856506     312.0002288748686     54.16962092763152     3220.9135545725385     163.18528045371573     
257.1328535035285     298.1219238238366     0.4248912332250554     2285.968700980822     323.82056280464496     
149.0919650516382     250.5623320673095     17.53053080764716     1769.6609162363718     2.835535842228694     
388.37290858611397     164.8823678542613     29.544006644685695     3946.3224189784964     263.7642397722866     
224.83200643078493     385.5074139424943     69.71521512384682     1650.3039952652423     353.790606216434     
397.95548459249306     290.2659322181214     88.9828324186962     1235.2647308628034     283.7709509971793     
204.0342737972137     147.00316147318014     59.22640659129962     1582.4813883424274     77.66952902173489     
144.95665601071232     256.1729693728919     1.6451550429829265     3342.661177367869     344.1473739572621     
145.06909908586815     271.6670734115985     98.91698178376319     2539.407611606634     322.214965954407     
118.59757105617301     109.25053222722107     45.67946315512014     3648.202106892699     459.84713804878834     
353.3538929115143     256.8196619354723     69.87225488904483     3648.9951124699105     91.0642066067557     
244.43993892292877     204.98122468509922     8.682507377099624     2689.970921908492     96.46145122010387     
245.75422109537055     111.41907593007286     7.437618914361277     1213.923961905279     171.39074850880849     
367.1994942915855     129.11917185615079     90.47138285151215     2499.972363701135     230.8516663242563     
106.55466812812084     156.1156741134649     2.3626662590291225     1990.7604759585572     4.200038274068845     
338.04546962176113     315.097308791807     48.909778507107426     2209.188869902794     483.17694009390505     
351.92309712653014     323.8057960327696     75.65143352386474     1420.981847697649     109.38473448689172     
154.86245122859012     196.72069351329066     96.70068994684178     3189.912243427732     433.2203823755819     
365.1772324071591     364.0504798872271     33.549577039129055     3400.5553487387997     215.24873763296648     
145.37808219521656     339.0307342247824     61.896831034666654     3855.5506467224154     232.59877690945825     
178.38849302880544     101.84629169682526     2.308020100374064     715.6929758727158     240.5938610121175     
259.27134616856614     292.9837059179787     41.932000657103316     770.7084614423379     214.1539072819886     
120.1080628392582     327.7705189433592     80.64576555883104     633.9066545259906     511.12889136073204     
352.52352549670337     317.52947525852676     20.105248541748345     1434.6414326999902     71.06746055118845     
117.14553258992514     103.93501826578209     32.4617229410368     2737.0429776172377     3.4084030391666147     
278.69756212577283     356.48722309332754     98.580291714645     666.4389402367162     357.5172197010856     
127.92976205968426     352.12550098025025     1.1485573857694664     949.3006604166494     77.23674030963116     
163.05854081534153     127.66452232981707     96.08385707072269     3172.4232834311138     496.4984778639122     
273.28075463985806     307.81521868424625     39.23532824006226     3873.2266895930024     367.9829180414949     
359.1934141563606     263.0133246588938     88.64901736654141     2776.895280081513     91.27288000389967     
249.35390768389217     279.45160338534595     68.98699370822091     3392.4441853038375     198.0425701124293     
298.9540023862195     296.0075812911365     54.06660192043651     2912.8089307644204     343.2757400787134     
118.7057122602265     366.7357067309089     78.53727733331785     1665.6545536507942     118.2558397125319     
