60.0
144.72843602184417     395.2695325527826     59.6445077480104     997.2417331037349     123.19818803990029     
396.6872617099411     223.58514114002952     11.029910897131723     3214.7922143751457     394.9981803538619     
371.227362378962     209.82134938983873     45.267891619684534     1103.018773557992     54.284125696913975     
293.1040359729203     362.0421012383658     40.878126342489296     981.3423035937826     299.9336710309933     
354.7000552630212     308.29972769446     0.2711581030149124     790.0230557246061     346.9752509162886     
192.31379737397333     242.78134709678264     66.68401772158144     2988.3700910583407     96.07694329615089     
273.0422882316401     345.4714755591486     24.453780837589512     2631.1016956214003     95.68970031652884     
393.7542211627332     221.12937035192095     13.370528897569233     3365.9590296616866     336.2082592081709     
168.28376551596492     348.0678870919853     41.27793495329504     1364.1811396518788     306.23479401195493     
301.6771670630062     191.6134116232224     11.529558996437173     537.831932481015     120.4751124564923     
158.1590143195484     107.65928242024337     43.65684412874462     3577.687138161875     0.015787154905410716     
168.40755420197206     305.9052707145933     26.124705680386583     600.740392858444     199.22882371202218     
327.33431020733246     222.49894160299294     71.11098451170884     749.6343808150107     315.44727795843204     
222.73378329458     256.966469232098     65.9257633491734     3096.888451837593     326.9913569054462     
214.4639096504686     240.03042823988446     56.4513585975576     2190.0933771592418     474.9131903166889     
177.3501385105661     277.254789315073     72.66501646349671     2729.3575254770994     290.36791585867644     
292.40683173481887     137.99764652090187     61.43148407658643     554.9306977146639     53.943406197248464     
160.9343495867678     180.28490987586966     28.30860488008421     2399.546883759085     487.8714370566917     
338.81313090327944     255.76300240722153     27.440027987643678     542.3090363732337     291.8787014097429     
327.30041878587645     348.5232787117274     77.77667018226717     621.3393488653775     167.30638128251826     
171.38159655163815     140.61539988976037     72.42881201250768     1708.5915859403517     114.68021562864641     
320.08282092942096     202.84793800608668     13.724668466004475     1331.9159856627875     101.07239019465516     
289.58310965314917     340.8143723558155     18.593097705178586     1470.3508681653393     475.2060519435725     
172.7351299521018     225.61389253607928     69.47832054936853     3621.4408968665425     331.99234190060577     
165.40661865370947     209.33344164983475     88.11235193928432     3459.6654206670382     304.72446545408263     
323.6044340628759     351.41752194520797     89.82183621272631     2870.4541403426797     158.54495212843045     
207.2758499648059     123.38799922819533     34.35179233130163     2253.518772758396     418.16195589296916     
289.9997235782869     117.32036930926276     10.061897451543489     696.6897949961697     407.18837808687493     
110.95144550149446     285.6999509703461     12.712964511926861     879.7860725080202     507.09403687348384     
156.22232944540238     112.63206468945725     48.67877561416254     2883.794468803649     223.29957990877784     
190.90803947053223     207.09030854908826     44.761892239894095     554.1053431930662     111.2778617208973     
363.3723010382874     302.11036781227597     74.04454779207956     2809.3668617572725     255.6228495125327     
366.9803453395829     346.6174376203624     98.87583653562727     708.1508450634636     428.09769104841314     
185.47566921630815     185.04668957379528     21.31222203087705     1704.8684586293843     238.52185832139185     
380.31511146586524     167.4939105852797     34.51644092460806     2031.9270055834963     454.1480747661355     
121.37169133373683     295.28942992277825     30.897039762163036     2315.95558875756     178.26073396532036     
225.8429082235034     284.0101883318831     21.002274430448164     2964.3300915607156     188.8141891161049     
226.3208380990768     147.62311556103782     38.283044741782504     3569.017732901889     194.5027899338328     
366.2788134203412     398.4443232580187     7.524889557786962     2688.2264242960064     96.62484880059321     
345.0959932499597     377.5654296770506     38.55757236523437     3873.244634646015     390.7097858858964     
115.44489069400102     146.41027936063887     52.898792430624006     2821.6901832483713     409.8510222598783     
250.24096176208602     242.74964051005682     64.52918924011837     2562.1200759630383     481.6496597522701     
131.5393106252442     165.44363180826062     11.489291142290003     3366.055588161876     401.80103996584165     
138.24932380482295     222.49831514540142     80.00940237306597     1623.298595301317     87.27760292280522     
108.60205406871157     223.18414917919836     57.8175494126825     3786.4597632528476     473.02367004351794     
112.84737061625594     140.52401008469118     89.38554233829672     2630.473942257823     500.34315202138333     
316.2799175689669     178.8155756953114     34.95640271126115     1441.1811407684258     277.671028243368     
100.76033220685058     396.15961101757165     79.59529217911984     1828.9106381978631     240.69506430084624     
363.19453629164497     212.1804455930067     51.023066704843565     2264.087716705164     94.0958150360612     
280.8905363386405     129.05926920229442     33.707869039061286     1971.2718952221917     16.90617837640275     
301.57519199025523     139.1025587791968     70.427844688696     1578.8638021985914     378.8604825168532     
384.51736834864016     297.54126665940476     18.26124389430759     1640.4315500494145     348.02206513178027     
183.82916729855629     306.0132965222007     50.19586842052417     3115.5402954474894     191.22129771982037     
180.90631833314157     262.97508997014506     45.099920019191885     1748.9621491975029     225.4502697755634     
213.57030581912932     231.26630638757513     31.348764492355695     1507.54547558795     222.31555661710684     
130.74107162946873     162.84298311342178     27.566603604863115     3293.519992245111     355.75089853956564     
122.18190910718363     361.0039022671519     87.28451784402988     2311.552201636664     396.22824902130554     
367.4070702915411     199.01445998262818     89.44995464387391     3068.633650452049     489.8649169310505     
169.81189557922255     252.75986407196868     58.15871501690315     570.5380368004371     331.3422173541962     
193.88648604836695     170.73222383897567     81.0670626857552     3765.3855376628226     227.6230086378901     
219.0326319533454     375.98681024698465     16.843256149345798     2282.597283754159     382.386268634537     
218.58582149471928     353.87773390160817     12.314810709306967     1982.778067319358     490.71570059514727     
117.17815769657086     353.4098349834772     49.076736952925756     1861.2401415156014     444.88631626099857     
246.7125828557624     159.0108227933872     18.571679751574756     2254.501617795221     177.17484735919192     
336.21898468918556     205.74594293926924     20.443272498098985     536.460785602397     264.7970166346686     
111.93518468132635     234.8937756050312     37.146816530069025     1512.3693037097619     420.3166640262305     
148.2580539310137     342.2936985769868     4.905937407573846     2526.217084166546     119.4449458503297     
335.27854323627116     295.83700406707067     33.79454540050587     2295.5385754767067     441.52825503861305     
231.32629892551967     365.77894560980985     74.42140130886999     2573.7945461980125     68.0490000203693     
310.9913707697093     319.04980841235067     88.94079031774524     727.1676140882919     275.7426482472172     
129.80702288702648     178.41837757466624     83.88111297919444     3833.6631816200356     317.49982039397486     
311.1218721244913     340.7414961857338     29.066236045468607     3877.4226162249292     79.44111743651206     
291.8950303387353     351.3970645021577     19.030803881032888     1074.9065026257335     194.2772151910562     
207.59720529920136     390.1793725343263     81.58544578485092     3853.495135874921     426.0472673839368     
333.058808722804     108.00207788840919     22.446273139356045     3852.3241407777946     442.8632496972316     
110.74482425224048     382.1411496225691     92.03978263212792     3097.9530021068063     147.1339700534357     
369.26722876519534     394.85139752463544     40.98402656835381     3758.2808884499022     379.26810972352297     
311.6366640240385     187.7597721574278     85.03550101593832     2160.443449423591     500.45192272664343     
121.20041843877803     241.53260429814657     90.83714538059205     2567.8897594065593     109.8273042715553     
279.7814821327346     248.89349058743053     78.72034504295834     663.3099438089146     91.90800643941168     
134.90838684939303     119.23479931432593     58.42950983302813     1222.949715211118     178.75059384876704     
262.127037066379     173.7979965599048     94.3779112747907     3017.564807672153     178.7717854215279     
324.2196122644966     178.52154465458324     18.4571448871247     3480.178024101494     79.50685674208546     
150.83908061858565     363.65033298884435     94.66736742816997     925.0679246564813     282.070310258765     
324.13070933342163     217.34256095864617     77.57855559115437     2982.8275305824486     125.51376265746052     
349.86345052869575     286.68630112814685     56.94756687559972     3018.562774901238     111.8441344102065     
115.61155227303095     186.99470711453148     43.27339164161279     1675.1124895516896     391.26707549619704     
280.00316231463796     235.35845556979282     51.86248497178047     2140.975224299261     198.18174362773652     
333.60891695715327     387.4833186054153     73.50036165042611     3781.4973790724102     92.49186656913992     
292.4939828993856     322.6859849510884     75.85491835846504     926.3384103481294     342.2247715187382     
399.0836847661597     128.25522535308662     11.82282893596167     2550.5557627879007     399.62607735926633     
127.36730163701363     277.2202537855924     42.50601962700124     1248.7936689952785     33.143304944496265     
399.91935912920593     196.41546710908324     34.02867378244064     2140.6786173586115     327.45720279097134     
387.96234623492865     266.85035264329326     98.61995981792502     3914.9624286049734     305.91816008608924     
116.42522327120125     285.32703487648337     81.90664183410188     794.4939521984218     349.52318323480426     
331.6942068171353     384.7670753224701     12.899393617898347     3154.8906936271055     71.13644560656127     
106.54805258465316     112.14273938189243     95.27428307833172     2444.729794932688     371.46151371503805     
191.68849570342996     185.7250683781916     18.064095989241025     1163.7333729488332     342.40686683181667     
300.10999492207804     105.73235257451667     58.664509309674614     3367.8771145976257     85.34362465384538     
178.43608359055747     316.4127694183653     40.59034805513675     1861.0552949264943     485.933027362267     
