60.0
370.32206306008436     237.03664528436076     70.92818259909582     3244.7040929272234     270.8547940424432     
124.52675566682672     148.9055539088557     35.69584239539899     3312.32589829781     459.70978764289526     
120.4147504394378     289.0353318092978     9.354670447169134     1482.1823660814716     399.1446931590523     
344.8661319591914     187.36127312146408     37.75275204620817     2844.917004049034     184.44346306321881     
105.59130310201971     347.8552117915119     71.05874871476516     3745.127930672625     254.27999180775754     
121.37584174893979     140.30402247345359     68.11368455837939     1280.1513770483152     164.3552810534291     
277.35422906816245     365.01292438981295     73.76029737850997     1626.456388740237     85.11745172033517     
378.3041775236178     337.0817328316988     42.30893858433008     3983.448240097824     347.33832469107625     
149.23037944237817     356.37251318771024     98.18161933533115     1829.5311637920975     134.48201512546592     
323.79919846887935     189.39010106529298     46.554682100522186     1615.658042962244     91.99369388789643     
379.91480805996827     193.26239388776474     74.63659743648567     2205.6506871695665     278.61187113393504     
203.8248783734375     317.1591629896733     7.666998119350588     1402.532531532378     498.400871201501     
271.1734882167922     191.51458956625822     87.40762471437495     1962.8850409436218     439.48320908822876     
191.5273473718117     139.3891457729574     98.153182624279     2201.721839685644     108.14243441905114     
191.95015477801672     150.1712525699579     13.811745244235263     3776.354876642589     227.08323253994075     
338.32243925495595     293.0018099061181     50.263594403452316     3757.0436107816804     273.40296686447783     
328.7880206154832     384.8680491563001     98.05636180704543     1410.134778353658     427.83457431258046     
399.3921571648146     342.0650868463375     23.501600095733387     2395.621744922967     507.4242037522839     
380.0227908378375     227.487321253139     74.97697950596313     852.9823589690076     65.79053067013774     
152.53638914050092     119.38088050658044     43.348439815804085     3689.7028048492457     34.59309994241198     
162.60089737280373     237.54147031381288     44.30438352394172     602.0733343398168     423.41747304129643     
141.2673786015106     365.58250449314085     66.19023169094237     2761.273283103902     120.46460056564837     
395.8841717096263     198.05059093698483     17.558291005154803     2446.074538996803     377.2596186235896     
318.68524397708984     190.43958656503574     27.123777582770035     1998.4597433140555     318.57765653371854     
156.1658405509287     122.75827536708002     33.90346232551171     3238.6211087237175     447.0408662869305     
293.2483564797719     274.5739284284015     58.01740922802253     3452.2090918120416     380.5109207334692     
203.27617812235655     197.9128752889036     61.789615072528335     1920.1566821372564     449.29959288260335     
118.45470736491144     134.49510496730744     76.52596957097887     868.7354787315744     312.74363887856066     
140.720471150245     253.2428204076889     64.94759699360499     2386.9412279765293     418.9744932940578     
230.2693719063285     221.70377369923432     10.380850416907506     1646.1697803353825     107.03774258996782     
262.07572003853556     228.07720619086612     35.91341318943332     1784.777049562274     472.96300362768056     
365.64644925028045     179.20395373390411     41.93538077234729     2495.9530325568116     78.73857385897236     
317.3718379872214     161.895352809657     60.84314917535739     1977.819019248914     489.0587739155866     
356.66595793197956     302.42268547600304     6.443102160999481     1683.6336416650388     90.10498235489212     
217.08181490798847     228.20970395655672     25.67285132055015     3733.04471469168     388.340538240802     
243.7894722452974     292.2515106186228     13.745418976042457     3667.4311336282544     392.0230960666829     
221.01386964291441     298.05977974127404     56.937344298585046     2234.1025160253776     261.53198037890945     
111.87287692696837     146.38325314248846     60.87101996698028     3673.4542538077017     117.73403898350824     
382.39653881591386     208.17304412624713     88.62301446110088     3677.040865554739     144.58085366960876     
189.387485741827     341.69088568908126     75.49098452995644     1225.745403367333     257.01200566442486     
161.0200780547105     329.8719569716476     88.68606658526566     2679.74953598009     260.2152647410171     
247.50724106527187     350.14064133614914     54.281228164914054     2298.987763915733     71.0675226006075     
265.37880195345394     241.10157553369763     71.27693443368763     2698.9119201067     295.02603532586267     
366.22138386897734     218.3964246113469     2.1312216433790887     2298.062872605139     27.8192278508576     
143.96975019983117     165.7348443697307     70.79278074858573     2977.145336113913     6.196335286474891     
241.51967100462372     296.2887427526903     17.980532596504183     887.6840953534991     14.578478454590709     
136.5521773065053     223.98429910702555     95.71541723009499     1240.2595389885932     114.85348409066057     
175.24736211771506     120.8119115664938     30.100925120914678     1747.7339836688018     479.1224876404385     
313.25556166958347     364.90023512629114     99.42604671227399     3923.854346698545     394.65215575133266     
318.9051286010849     354.0851289460869     41.17235837867461     3496.079587218643     439.09436918095645     
323.62532203449376     398.3429091638931     64.02804114761642     990.629809797704     487.1147572752396     
128.12717977779712     219.26329228034638     73.88952637723689     1485.5774351055952     426.1631807850843     
229.3855289669964     298.4456322098251     55.42402905300066     2507.836297424462     411.95155958547986     
386.64859084108537     215.89507803596425     97.50719207163183     1810.468509277745     205.90171957755035     
188.93591492848847     294.58839370678584     63.81584485552767     808.4587730954122     205.56199060234803     
380.2980595281049     193.57074806221198     90.17610658105777     3068.8213810565117     211.3971659913521     
363.13203904250156     347.6182880633535     35.32003932069885     2472.406822663964     284.6781591118826     
363.1393089199477     392.43757516879873     40.68718797168741     1571.2463453677285     354.6969865071678     
340.15637883862775     119.01053192770496     45.974633044014304     614.7673624048111     305.1525486653968     
371.7360289864686     273.5346979932947     94.9433896367876     3415.566473568788     197.8120485626427     
381.3954130272334     386.5770187353144     89.07405020165609     2878.8424337112137     418.7144081930948     
189.2210051329235     367.8433532952024     99.79199351583891     1996.0067753571536     184.6491202890474     
324.0019729850617     342.10100821061906     87.0910315389399     1541.2060898408308     177.6225290379179     
160.18737838890368     107.08501646849248     21.513239860520862     2971.913911605056     191.4265205369813     
272.73954571790426     290.9960174039244     98.57082222901371     2175.5247896540914     401.0272013778233     
249.3539965023677     102.93751934112929     14.074964076782859     2802.9405605395577     328.3397000482716     
361.9592160214637     271.0315574990588     43.02172769500042     2689.735518723198     344.01975653819176     
252.63919213772783     135.47299044030277     68.09068857228151     1287.553418389417     113.9876122557705     
386.02167880825726     342.803605066696     89.2461023195198     1787.8919885630603     115.29586219237706     
207.04875926206537     171.93650855053914     84.18594342800543     3421.9221564351865     440.8460806700761     
205.70489355446398     297.60519865245135     47.58960139660137     2671.283128199682     30.586804144759355     
246.1708944775529     368.8498744291169     22.173068558886833     1183.6341516525242     373.3811583077463     
141.3785881990944     164.51217181660292     28.628123421115724     3733.2097129273993     1.0229724676486853     
168.78907256325726     323.9015864544396     82.10881846943131     1325.886819979438     44.733170986500625     
317.9133504645873     305.86912610653     10.818767566486475     3635.156134464813     136.88485398916742     
179.07481994795756     128.91619131519647     66.07534413344534     1534.1433515955875     185.7713782171711     
218.0459589699878     314.15441938683045     30.132426028657488     1238.2964092838665     416.2687873777449     
135.0965136496424     175.8183818379617     55.55907966202128     2119.6899434072675     134.21966125412757     
221.55194414133217     100.82436154764123     24.743797967798777     779.7933178991677     99.54876708988536     
167.2550535176619     358.0404877927573     62.8422588539656     1628.7950308413936     245.98504470863242     
228.077813454485     203.77455173990535     48.123775660133795     1796.8323842208677     194.64973887897196     
376.1965503973107     369.0742713355156     84.16866331713426     2087.60488127898     284.2840614771298     
107.542083367077     181.2881087349257     91.5666562027181     1848.626473150465     141.56428827904864     
359.4097453331132     186.33622061432644     94.96250670667669     2641.5833748140763     365.15585442613667     
348.99753355782474     370.7315302141219     21.05977734185307     2545.755208643485     9.74182922223423     
282.93027332781344     155.38290052829763     94.49237819027341     823.9557443423989     448.9763799741582     
246.8154346319742     325.96100129352453     48.79823817578382     3362.3773734539623     391.45766058711155     
187.37320208659185     299.6502377682465     79.56954219202925     3394.6827498883717     341.1448240714491     
211.75206477320452     231.75519922286819     93.45652481545915     2767.4872980960918     450.52934309427536     
391.11416801918     321.8572884950339     18.702249090761057     854.0970970568433     239.70100820212326     
118.3223449795769     192.1224057632036     79.00960162227175     1321.0528900188974     111.28863992498174     
115.24025983282891     162.25624490861506     13.208333268259786     2882.2791447385143     421.7520232282094     
323.05539880877063     284.7547563318875     24.467429484838988     3236.3658883319763     506.03963501460936     
159.48409068614237     317.96041723218076     87.79313400811971     2795.0406069124606     128.73632165019654     
239.45182974337627     341.1231321584165     57.93128615442688     1825.2069801930777     266.8372091391526     
202.5164521453446     318.2613987706799     6.766757794385613     2403.1939942017243     295.23553945013555     
343.2977230854939     392.8124274354939     71.0421343478343     523.6384395260669     303.804572431108     
397.66813531730395     109.46457423425346     84.20502731549769     2106.4961288844515     85.75685596763043     
269.59979696267635     303.965904976146     13.877435540507054     3016.7233550150677     395.87491410659374     
192.5335576141312     325.3240141766622     56.8149496505694     1644.815192054917     309.1531610595155     
