60.0
114.37449607987965     199.8817659124327     16.79063683334412     2377.501185035744     317.93365290662626     
364.608016958871     337.12096574500174     55.85555968538891     3834.5749215980095     273.55096047344836     
229.4229113622721     164.1518353323297     38.77120380513642     3057.5092227739456     319.8916307122236     
187.71770107560639     304.7967018068753     61.3034880083554     2379.062274955674     99.41228608874013     
397.4712168608239     290.2723527669558     50.470557959721795     3968.712813256447     302.8690244776969     
281.3086810081221     108.48089900001307     46.89375064441459     3981.585179728442     450.6779679494109     
322.4433639260294     233.47729430420065     79.59978883844455     3436.612193849201     310.40544381074255     
318.03917471472914     277.21117531132745     73.72104546584828     763.1588615067895     94.04096411562739     
269.3027477620268     264.8437333250089     25.02317627288999     2358.8044617885025     462.2916432388048     
222.1353285859721     138.62780412371222     59.85362176533178     508.7776584588963     414.91745688446156     
361.7768175091374     113.16989192246756     56.6705375124326     3568.8058300734765     338.8922551776498     
311.9902997563653     121.61274961064679     50.520443310892446     860.5409919876869     25.844547024681674     
326.39900105347     245.4759896424576     34.75671113911054     2027.4106870341946     115.38295879150985     
178.00845467821537     115.08943672447518     28.787298116506065     694.4105256735534     138.5644887400453     
113.08658081612782     268.89085556893724     19.33781043245886     2376.7394651190143     71.41121042396264     
199.53211600185327     360.0849011357425     42.05076860137886     3238.047631672108     344.2701860289398     
313.22744381595965     196.94510643474325     37.181412033525596     2408.9112249778427     108.47321509314008     
214.00665748154137     385.05517410898784     78.3738905376662     1248.3309062696483     62.78639752844384     
281.6258919962535     353.3195223360409     13.925705787898046     2061.363371756239     195.2392903320801     
252.30680107330573     338.8910400830737     16.613780273601908     2964.14218568334     144.16558601079885     
135.66926302740848     372.1238986491234     33.61661336618739     3548.2766716340448     490.6551826449958     
116.96848502904331     295.52936935554294     70.54744750077496     816.7134280107146     23.788849658404843     
276.67245336128235     155.4769530693332     93.32152224228004     1464.824318604004     502.399314294867     
398.9898284672705     123.20645258855681     57.697322031473796     836.0797791346253     301.08012080668635     
288.4233138522145     174.62561616219045     11.314486739220275     2723.9742228715095     268.6835371919474     
196.3614374546368     390.55357729567163     14.01565022210084     2118.7408572905456     464.8652653890052     
236.31253609723706     281.62644078689584     77.31473735689384     1218.6817941315712     368.95016939501295     
279.4790604460747     292.3379072448074     94.54164265348736     1735.1950608484838     453.7382865384247     
197.84829705590414     364.69271527522875     1.7543673676421956     1383.315385896463     330.237962927948     
159.43569567087343     177.0181555083584     3.945215405123126     3384.218548693131     282.0326165581956     
218.52865561142715     235.1061442920289     97.68108026815214     3493.284966141684     345.3673995834122     
292.67851539124376     364.6761957522619     78.67597462544408     2857.1812678701713     353.63863484287253     
233.60956900876474     228.95773469685022     78.60927935399803     2500.7655771631967     105.1282412850976     
235.87908968305175     111.50142920890795     41.218935879106745     2334.8431618189434     351.45680673984583     
339.8376745056786     218.21095044521377     63.671542828784055     515.2276889044804     5.842236106404528     
357.7711644288625     270.98184541291187     96.5040849111742     1911.401716792661     186.23139071197562     
116.22681107254763     326.4021902371736     78.35887567642665     2781.746543738272     478.51925281395097     
278.2643278497163     373.36795085567746     78.42315102182485     1447.453754656237     471.37071508902676     
289.8943629330561     381.87741171052795     25.85122326495385     1667.7453526580928     484.8271716478294     
320.8869375682906     205.8350641873958     51.08397967743833     1902.315246359836     136.62769469036095     
243.22484356811833     111.41393567070891     76.6207158223473     1993.349299190583     6.7541977722777915     
212.52857629720432     174.02494395017516     53.103391422197944     1655.072382468121     503.68804739976923     
269.5182155525325     298.43715665560615     99.14314484797296     3933.744043697085     81.65632999873259     
297.958721649471     220.18629368577444     54.93824222143324     1797.018376264399     101.29381583774813     
274.06990547322994     320.29232016201615     93.99441537912071     3609.137646603716     502.8540575374398     
157.5496239642658     208.7793247286068     97.82980693562469     2980.8965650700843     465.0160897762379     
290.5194459328451     329.0910530936361     29.46729044320885     3682.8496470784485     370.568557723063     
250.32101621954212     172.9241731278961     50.04803191268989     2745.6951443722346     131.68330293437356     
353.4294645232261     289.8749033424857     36.5609023532136     3407.8579712229484     211.27145721797496     
274.582339261103     386.15549800862186     61.24291461322843     3861.638424415597     121.27055357717563     
138.4929182837309     101.01808900963873     52.525262617283374     3842.4407835072866     141.96153917856014     
342.24239956362857     336.23340551232457     11.125060545820165     1556.4399314812495     424.26021203336825     
213.52395142599795     156.15869420797534     98.15162124629059     3165.383526495296     143.97704714070045     
245.8930831203054     269.82708150499036     34.504097578704496     599.7077413285251     172.59555346488378     
134.41684242956148     299.1695370701251     98.06616461351537     3828.0759088756395     357.2050372693769     
229.09492168582463     348.24513895891414     93.82232025998336     3832.4549318282907     27.866696440012106     
279.44434336399576     356.8630293487684     64.10023913595069     1625.6084064422014     454.4565108537143     
117.37903519093894     340.4837996401299     53.45422228873119     2988.7195873738415     279.7919456784905     
337.43601571097935     114.8109224692839     38.379397126783545     2241.052523725584     19.841222690553252     
171.25009447517266     127.08829654785904     60.73574357791786     2558.046739148759     19.887790690019926     
206.28990268301777     234.83037115096397     59.4120016928656     2029.2663862610284     230.69636806006224     
272.28377815302036     328.9976098591522     38.28760053571377     3683.6608115053223     91.95697759979959     
209.62728076725335     376.76073151680947     65.79528207836046     3270.032775770571     434.50043193792374     
262.0529129762968     102.9305284477831     54.865369894936464     1470.1373817853078     11.166818686108115     
303.8359911098191     208.98576021322714     78.1336085741413     2119.789810428053     112.73668937607056     
232.31939293282332     388.17024497829686     39.67745453669266     3335.7806985313628     199.53863721535532     
313.83795360697763     222.0368062501181     10.634538461725572     1959.7453788118542     141.36033015031057     
398.3620920978654     388.95301924719627     92.64600668897175     1774.1730266335755     476.12436397419     
153.17225414137556     146.27459811245203     15.179085565999928     3232.331039934559     28.868759915769942     
208.57988491876992     258.1371304201104     83.0429829344559     2382.8768555864754     253.5075789925072     
237.85588203781913     140.25789557341503     78.33280922456265     1032.7233962153405     286.4767145855454     
109.15639106038924     298.4338007315399     16.723760142862098     3657.358011217719     17.033972993541     
190.35686368811324     131.5728637140129     96.964784649792     2805.9600140051048     481.05597139059853     
247.57962912713833     140.17087892190133     41.02693989591704     2678.1270413754205     335.84985677609785     
232.21268580016664     350.6596046546453     92.37660501485809     2769.85927333004     300.8139337987925     
191.59359940393927     323.2197775140262     82.34627903818573     3618.0570146513232     467.9077053096975     
224.61320126351077     193.01289779826857     72.92936816587199     2939.810016809036     410.65591793069314     
337.5750496323832     225.17019115122014     18.25665804431441     3354.974412367216     367.083632837659     
314.8399642626197     141.97078697207144     78.22214276652826     1572.2618342559567     113.30322265303028     
184.6705270903691     218.84805253780934     50.55084394552296     2868.0054112461366     299.94475609837406     
272.9505766822445     197.4923315275492     86.36217464014891     3441.5825961827154     204.02191018398065     
357.02675975688993     126.53829502438622     2.090260413941891     1961.8024614132396     317.0028832346414     
233.59082052019224     123.65796692242284     12.528776954969034     3240.4690858333893     499.7569663324324     
338.26902962205617     393.43263656270113     26.275989424010394     2473.630945168009     202.99608328870966     
229.32123372057958     285.33274378149997     89.93614183090062     3191.332319345055     342.06204331037986     
160.6337338756615     142.44780111492844     18.303776086915803     1458.2432867052903     13.351302779924254     
387.3074174038665     302.18228219033097     91.82382688804188     1717.5252577094593     241.9670375180512     
209.88478762630282     171.1630838694702     10.08861583024645     1484.3368139585234     145.9983200217451     
244.53125689853954     364.12898401364896     8.9390271336517     2064.8409103549584     94.33384717771139     
208.82017808747864     319.65686337266015     31.553727459788316     644.9412423906015     363.6295330888821     
187.65803416227203     107.92505487428627     45.12578683826389     3049.749325137049     403.81532761703994     
142.72238760216274     296.86716755058535     28.410039042730485     2049.011823955451     39.83007513781331     
173.10355420182702     329.77927246799743     83.41935937626307     3129.1503682084135     426.7527547061442     
153.88013399588792     210.08461228530228     46.95371771104783     1000.4518311716205     409.7387842796113     
197.3850013127127     257.3248141768877     26.088036037137908     1123.2270068669877     239.72465955229268     
247.10180075218443     365.5699672249817     68.94082353833184     2447.3278603139615     386.5436992906205     
245.1464155487332     327.5103805662818     39.31122874314347     1837.9619628766998     420.4924297360951     
200.18391075602665     102.27164079731817     1.2324019121006557     722.6833596451897     103.66397887488876     
205.89816101553902     140.53037000426562     71.8853647321639     1335.1266864749014     243.27811331365115     
322.25821564102176     100.33740954213812     75.42559300539259     2059.5508318062098     23.425653331644185     
