60.0
224.6605553265639     291.9721209039251     44.910136061972025     2385.9035080388057     335.22881636502905     
322.7135156772971     220.11221043112783     49.29010675000084     2245.8117808052266     175.66094649843473     
189.4328473931331     199.90429135841606     20.985668272629365     990.4053167952479     482.45434324155264     
276.5969098427147     139.87104889645138     52.626446576974004     694.9571908342658     255.19004317367626     
162.46029318628302     347.1017569538043     72.13230097782328     2004.4528590833004     30.08182104505721     
139.54825448733126     256.5514996361119     28.342045775688305     3332.959226939675     474.72049206905166     
316.5306392890076     279.26042702151744     98.26173788273927     3449.3542284723308     402.9400604498789     
325.56593412665507     335.6242619807298     37.65483549081669     3200.9311461108614     449.9288494879895     
356.08288977955203     289.84459179908714     61.94140900162075     3421.7039295449113     26.02855738856107     
273.682808783351     166.80800244194367     85.99296614136048     1319.122889151894     369.59981239203364     
149.4856927360312     207.067511860953     99.14418555478402     2423.254640380208     219.41695827379698     
267.92720303171086     170.56569184837804     56.233335329300736     3981.078533340782     373.88445336583186     
156.4132001924574     168.67184058402682     18.29423393171864     3714.2169584149146     379.63968220169465     
321.54391093847505     335.4631428356167     25.531307337508437     1842.9125520086207     509.89513146552565     
257.90861531718656     162.57965568540547     89.49296743943302     3670.7824336089775     85.16355242147006     
166.5261352001719     337.5121276413877     62.852084829247644     2538.290645840867     351.47733229691     
119.10233549033711     145.2078687592093     52.512413723101126     1374.4578164875118     47.258034401304656     
165.4598645115595     200.01306343316986     4.653357272027192     3181.7309203141795     203.01660558952585     
337.8987396369845     269.24403905813097     71.53326546231027     3265.8410355643114     254.00603403209743     
249.70992327555592     182.3572001319427     73.9701298849949     2287.6822794194013     72.06239292466063     
177.08732401791522     290.49324368739497     90.6856285169249     2373.1065242354425     444.7576805399645     
352.00128839284775     310.1324796046924     91.95120628390856     947.1790151165977     308.8806091877499     
123.03213538713058     309.0186505341753     96.53825815304815     3113.5059186642416     169.5500860844063     
256.8242468434836     334.0247801897102     87.04042386877401     3395.359435664405     469.2835218048531     
278.0472102385204     336.62518300229044     41.405831864614115     1100.848007329425     57.393168661701964     
376.61176422363104     149.67918334364526     24.644380961040568     3785.33731428076     208.72736866739683     
103.41188439560185     322.6324081867159     89.64499352928893     3182.876306010298     415.35471744109304     
111.53160958448706     379.08286504451496     6.254905718720371     2931.3498423874726     77.21774575750936     
199.29237965108166     288.14266495696404     3.242328226966029     3637.810638511858     47.567382059251656     
275.67291708156205     171.2895985951398     51.383929968265754     707.210501641813     316.51731830614074     
311.12721062479943     389.3636788326469     13.527643504587516     2660.615552379041     296.12603965272024     
330.4921931469298     177.4992493125123     15.918452432738261     3106.2730281980143     188.01197769086616     
399.7521604969566     100.15978446472405     33.65265142946486     2946.7669961683027     328.84581072699956     
139.15992275659485     204.6463221971784     87.02403073245934     1693.6703578430875     133.85912697338665     
226.07343152493416     268.48750020161447     47.75001609314038     587.8465453794089     340.5092363483305     
122.89736695972177     300.6882745004018     55.73942537141239     2278.807689729276     380.21560729304764     
387.7684687816231     279.7630036892515     83.93434587367452     3031.0371611345836     311.0457035613221     
315.93039909456513     232.60414510760685     14.947747014174995     2410.146933773674     397.92266722963257     
273.56525613086285     369.9909400987715     1.3418920395890543     1448.8336173109346     416.5567449437555     
181.17019311705542     129.54097329285665     81.32845556492485     2760.3696890199058     127.51208682866087     
374.3214652393223     263.574416778125     28.357878980723537     839.7330280131406     473.72788806336814     
389.45122766790536     384.3412572080359     46.8498268762437     2229.1117688587274     148.28983467748617     
224.53142612297262     204.48034554709363     7.491382926862789     1132.5156690868534     63.45089258236516     
304.84637834784485     278.5487051422728     37.82596902181139     704.6428068132614     354.0524503606614     
244.10596931081707     267.6450349533144     79.78115666719088     2241.555081098646     237.91967858961186     
254.40449459934882     271.558165759856     89.82093223098505     3293.0650048441344     295.1966851627559     
370.30905193331733     341.4034265654408     71.21819453819063     687.4694177622142     211.55902530643687     
138.22362925817657     112.42368641709372     34.83292809612236     3052.713135099541     335.0940614292849     
311.54541888951417     195.9787167104523     88.83115921164729     3223.8055196415667     182.39680529585627     
224.12570840596015     292.4769748432342     76.14406993095051     3557.2815313132965     28.11956698448637     
127.16163472804973     280.7832104657472     53.49032392336449     3337.267292382658     287.3992662329177     
237.81618515193853     293.7873462836087     86.69808957312274     1609.5344628880493     10.147680409207908     
135.37323859084006     230.99916984091485     69.14845754247678     1105.602925334315     507.3525377736629     
345.21386311847436     248.99939064970857     82.40537990346648     1129.9885302799453     488.1588364266637     
130.62507876888776     316.61037613440874     78.46934359581401     2316.4561086020612     212.59508402294858     
317.9758697746997     144.54085603620578     73.71908061750328     854.3109004045573     12.335941372841319     
243.82915893084945     213.15902610488627     77.22547895861605     1983.483182165337     128.7821429043475     
288.91492448494114     264.8621831384944     1.3378653695858556     3277.9398413633467     436.17293207342254     
206.64157286553743     139.8644262183867     44.41714332476907     2227.519990036498     270.3967022316263     
352.240107824458     219.44976366845555     86.94339905326657     3536.111729532381     402.16636909449227     
372.81142270898965     347.651894443212     2.029569240300577     2853.6480942247467     419.4109100126225     
329.0167813788919     156.9842953407054     32.25806263862715     2187.5217070413864     477.1160830129725     
255.17161181318343     295.8335708830996     3.2695945090172818     1806.2025611601127     61.84759014889465     
334.0413874207238     278.2679548919514     42.009445021421435     2976.638477305299     434.4220811724954     
241.49331375132425     153.82492218322074     86.8870377284321     878.0693297053419     300.49352660296444     
103.00561154764803     298.43031174160933     24.022023958773275     1965.5654026595034     309.53280793630785     
352.5799651997785     373.9773198876066     48.98030509350752     3716.449421321701     86.17404540775823     
123.36225071001645     102.39387357155375     85.84652777238226     2294.546632005243     291.37329286553245     
283.95580830159395     197.40103528216628     14.014559675519955     1081.4803891106842     157.3134411203199     
387.12024530024183     219.5203844637757     38.11842030953044     2429.9625705886483     337.66219849966365     
171.57185377915027     369.024967760773     20.460273053956158     3276.9948777182663     224.47604717559494     
325.7436756032397     233.5950476608714     74.05672049449747     980.0779472759859     48.012718911590696     
121.30586530016566     217.00691624926557     30.61941635819472     2382.990331929731     307.7098085765216     
396.7028258042417     123.59734145246968     98.8329739263629     1977.9696352120616     364.10525179648675     
231.81097614894264     109.32757079257493     81.28686982127634     1349.2525381162593     326.297576841804     
366.7543486691985     115.75494027830948     66.43037421192267     3384.990740818333     139.51812279943243     
396.5430069784518     374.76439343308937     84.65025988521387     1779.6245225886366     185.46055625719492     
150.88081116273082     345.8169297394188     62.359820632912424     3729.757758702217     261.50831547745145     
130.5816492011569     102.6799122996446     85.32831383659733     1990.6816576254294     283.1543410706562     
338.6021818308757     195.88898850252247     73.30094906632829     2250.8810269735477     45.64486727118623     
104.10458648571533     325.8395976017569     68.06520560081196     3209.5488003058954     208.84946714374587     
315.1270698512101     257.0578821425038     67.30181697478798     726.3062707916472     326.21569872309635     
260.96266169679564     200.90347859272984     75.02738433982441     899.1878552796394     117.59725883511766     
106.01892423848177     187.8448473511105     86.32376995266691     3878.966778984194     47.25198768236237     
127.56347813295534     113.85607164528508     35.894254814779046     1630.0566240637374     481.24546059263685     
356.63155446450344     210.65372267792083     25.193230309691263     1714.1566274323604     93.34477446571816     
104.96096521176653     132.4304957381818     87.31079852741445     2642.3779134093984     384.8896103009304     
265.8727613496777     121.14463033390373     43.767204067000044     3446.265530040524     442.66445586749836     
252.36941436226664     357.9646793977928     80.40815696396157     649.5986392863614     7.022270653434134     
115.67970517852714     347.1288698800432     71.49462627733301     2974.835403663533     157.2364230069752     
190.90887073553733     296.95337993613975     60.93836878342774     680.6261927352256     88.87620698625108     
159.16309555883043     288.3450774903581     12.533678361045308     1796.8224003363596     400.0751993660059     
245.8186422207773     203.12481541497016     91.36600756855603     2154.2081492810057     378.64648217803745     
111.36954844776218     211.47704123449904     24.951192816623923     1753.925124424202     489.7341992459636     
128.15865157126663     257.90317897724435     48.57865307279394     2754.9210358307014     250.122406873248     
235.12593140757747     367.08442978823524     16.881842598779606     3282.254779557572     90.68967891426507     
193.60417044489986     357.78830150738804     25.599042182479014     2266.624517129527     195.2622151800938     
262.01106507891666     198.75022391327184     96.2721490420004     613.8018086496297     305.2451843649464     
277.71420984141196     307.09468855433533     36.99551195277009     819.3462595726855     152.90143947168656     
165.12741218589957     327.6527966830387     7.20007741813723     893.3574796815553     287.8162746589372     
