60.0
379.621780931652     230.3283252023235     99.68552656891218     2337.5907769990495     68.80932038102122     
298.3010048407513     340.64420767601916     50.38755161704158     1915.5263769456349     333.64719815820115     
173.12704422744503     152.33918721147032     61.83666808155189     2774.432692532505     26.954129718866625     
183.61934471940708     274.7976678152637     84.11315128828588     701.6643590838521     105.81842720111376     
247.9234743264082     244.20415087828377     26.156466105872212     841.2627358142356     471.8284721381255     
342.21196873762887     268.077952949015     40.38420320111562     3675.0822710146913     332.51565333873344     
133.6621953928801     234.18342056399553     88.11884244645964     1286.9115302907792     370.89423867320477     
226.05351769612463     389.4720498505271     14.449223987734051     960.6731550909043     318.3625847545434     
293.72425363610483     111.40744045580459     71.5762262398737     2095.8333079595495     490.76096243837566     
261.4962654164175     111.09877930072038     86.29311071140393     770.5061399149993     299.82779514122643     
258.9630707876462     223.09248100904256     65.78967920925255     993.7783904127748     437.9208317372821     
167.51130398303738     208.5694047589127     43.6627404157661     2926.2329182657236     160.61403084714829     
321.9483475589209     348.7582750761927     21.078314339008575     2558.559759362945     28.165896069534426     
153.21202409197974     114.4144525473814     9.070198540898122     2910.375956143775     211.1411178141854     
227.37638824581543     248.7029486462108     48.29887552800276     2729.0809216612815     456.059565004021     
386.19862646323355     325.18951969157627     65.23547925868588     1625.2166359264481     380.05033924096523     
312.3993501211081     186.87731209777917     98.27948024311888     3931.000895201458     396.01635829104515     
188.92973970301793     366.34256843075434     88.80717522335489     2296.2630315855868     421.54288671149715     
161.30951035644972     300.6877777973393     1.395384084779483     3088.076100171822     89.75652859820894     
137.33112353527912     134.61979664090148     11.088282914641423     3543.8743061833898     273.5310764693135     
173.4475110519425     153.14134077058065     9.552260245461852     1086.8999892993115     287.6465138484223     
122.06328378372547     392.17229631361585     3.1643770195586285     3102.0879716987706     186.5281063816294     
399.7245165524009     131.81062789422836     1.8599659343767283     1111.706009211004     456.21136296794367     
210.84808409776997     398.25320019958207     34.1150837884841     1145.7379666056627     192.43092301104463     
222.2855741634101     259.71306399031823     29.2251271987636     522.0381439803153     95.41216509951494     
322.2446917412532     319.30488645432746     29.281405839046126     845.4834404060757     454.3603197979928     
191.30942964839156     365.42434907155     84.01500431896943     2396.0507894503535     153.61913098212722     
344.20218277205913     284.3554734965601     91.81834314211723     1122.4702748274326     360.01342056135104     
142.64116320756048     213.3290462758864     79.9613352167352     2097.282598347104     284.08032248422916     
291.2197437560848     395.18797778164446     77.50358747000078     3379.2985154063367     394.0560864034053     
116.97821931898339     264.28285326192434     19.756828033423922     3513.9517176853833     56.58643964348738     
183.32481324470137     297.116578733321     89.08115016944728     3618.238986339017     120.43617564144006     
244.9549042369963     396.24464190388596     57.5870907192826     3792.8330976433185     472.46334790811284     
319.33106393116003     170.99231494760141     92.93804134601334     1689.874802937611     293.63346236659663     
229.16000052079875     242.43851105311379     39.437827192601006     3199.9601328276553     104.4875582557728     
131.64460316166713     267.0423747449213     44.849557667391316     3181.389119950522     149.27792338520396     
312.5295497511094     259.8245547414687     22.78422209939852     2747.8199751362     338.3133583967406     
205.62033023776516     130.2880515210957     31.65392042987255     1131.5958433350638     313.76538009124056     
308.52125215530646     136.27403061100307     50.632640753471456     1673.1090740202976     83.02608397075079     
383.1884755445904     221.73861635571342     7.362013043436488     2944.7381024537667     389.978240752099     
260.0263462834709     223.73249168519516     33.332025289524324     2024.9370173267855     115.99257947144667     
187.92108213139804     342.66143414189963     92.26721480659945     3654.4570051089786     104.4783364594586     
186.3236558274848     194.37050478288626     89.65477160038841     2754.718915776611     5.76774743094353     
201.32255393313017     386.5106009818759     55.55096900517896     2517.7561943078254     283.0805147213823     
257.93123743115876     284.5133112010638     19.977518401748608     2314.6923993729615     374.9351235449168     
212.0284887355021     157.27129452148094     60.70120663431826     993.0239744926987     119.0372494334693     
362.55363029982726     398.94042274409657     46.64695663702988     1080.5381174336285     188.91013916493444     
279.5920472720769     378.94764262835855     90.35510593202414     3790.201822756409     169.66871249854506     
188.23428434195637     107.57576623042235     16.532858982832288     1178.1401264311573     269.4159172535745     
111.1220568163602     320.7783150648348     6.08954651792688     2681.145716253108     21.656846020604178     
266.2682388535583     393.9569390655642     39.15074840377484     707.9848752530835     367.05477720865764     
105.39686903307299     360.7828625622052     38.918838155926     797.464407366031     200.88862081598472     
292.5620552991081     306.1739107681791     40.44320696519939     2920.6058746191884     264.64241194615613     
268.0824727054158     207.88860923663515     49.089613657396036     3637.156203683746     292.18040094752513     
255.28581613504213     266.8879231896176     71.26767127499753     2280.095601039963     436.2473174860291     
140.89212841967972     393.8147850878495     67.0190790499177     1982.9273158662834     279.94421486090044     
354.37357662928514     299.95003469875746     83.83785063836201     1791.9483867980662     286.68464211590907     
394.1832939351747     190.93685007166312     10.299652105435186     3429.0477831525654     45.36636859295703     
237.40814784569417     112.09569174864464     5.856446321791475     2128.0013861052557     345.05140408880726     
238.52969481437347     114.54831833424761     20.547493181529962     1112.096510898331     509.4597376198289     
221.57677241736286     193.94181315725652     16.971956382104402     921.3004347481882     50.25931524414631     
377.8531566990774     147.49266309824543     36.02396433428039     2178.2181550048153     452.9235852037783     
314.79474762994107     294.4907342467053     95.6677723537526     773.3423791526468     180.9218264166546     
321.05974101180675     194.45879438164212     95.48980045334146     2247.0477011488124     139.5980929672478     
125.04321166839433     226.6712450014333     25.985794398373287     1716.0100894910809     204.88346555177537     
136.79410623017225     211.90763997288798     91.30617168697549     2393.8912234471863     374.9355470038054     
306.9182413413441     231.93000500423992     65.90016741119791     2230.9952318464752     305.64270671062985     
277.5881751398045     189.40386275909458     67.58188466674426     577.9316609240772     254.82628827464134     
381.9952332754794     103.02279817569192     5.052884245055777     1885.656201030975     90.41347780779375     
245.70634741925954     318.0290145557236     5.951397988666962     848.1803663009664     9.814585955092753     
195.7135991416131     224.1276989284251     15.36743443808406     2810.829977033531     88.0961330667547     
158.43853895433944     102.70412715883988     97.68586536621623     1530.8320436856861     167.71838587753433     
391.11044746877997     154.08292417708026     99.25798401518072     3792.538135492655     35.48487172800765     
210.209626317339     155.98936718809884     58.18396665011674     1404.0117449467166     502.426340315531     
259.09241863944317     174.49884220543697     6.300335069531526     1274.9251036704777     45.12708581307561     
192.09393583228075     291.78449608070457     66.91744329304645     928.2069862521371     122.68675975010967     
228.43492365076196     351.9531250046083     48.94039284337466     1979.9436453790784     258.86865849228445     
315.26637501295556     176.04072715677353     82.6380033129056     1494.7440065752278     300.5253615562093     
215.92716712561298     279.38330130952295     43.76208409996995     2723.761106869462     431.7701075185049     
397.3973126096111     338.0142125137206     86.66922101811166     3569.4519384497075     507.0321148324681     
239.817237181052     352.76344591964767     18.75758249252909     1488.7746769792802     352.2597897474131     
293.5013832290648     216.8345720625687     94.55410562587426     2725.3177304298747     124.14231130242837     
196.9187819320614     196.50020406756124     4.739302337571627     961.3784143267494     480.6034571241937     
123.46531927554751     273.5048916581858     72.91289025857769     3424.8067844718175     193.2030620371866     
296.5717977162358     245.7031401567983     5.368702196198772     1941.764476154918     25.513436848234903     
135.27788662763527     214.35825525352237     30.356052120917276     2320.1402121381793     335.0634847341375     
181.44474760019574     251.26009162241743     64.17710954957283     1325.321879574716     224.4963299684689     
218.42369028557522     217.12166349452738     71.5265489731456     1695.8864765823914     374.65571688555224     
136.45092457914927     149.85021799446162     6.406992334741068     3852.5456373404054     177.84450353628688     
198.2295337115123     260.9216388420157     16.20724373320648     882.6545453143963     448.0432059157372     
300.5432027974173     295.71441576667905     80.5590811996718     1062.4137657419762     363.5147129072375     
306.0992227390712     114.83382865424917     71.88159651599281     790.5512491168367     460.2041162455409     
251.75123407929217     223.92123658003123     0.30473846665615145     1704.2315056995667     349.006292571363     
269.1627251411594     231.14651567677268     90.69744121473757     1655.6659394099017     399.88980742564485     
200.62239120850626     100.44948578768009     47.089776048525934     2285.9829535164577     315.2516612365619     
137.20580583509997     106.77747346923438     49.537024949792915     788.6374518649873     426.25183721347895     
310.5009747942937     236.7776970397554     31.553883144274963     1038.9518066801431     74.96373155669511     
185.83360492373     273.84491514757656     25.486039774289814     1179.992063556871     507.0657218890725     
391.2932018088751     234.63413858505322     86.11962885410492     1864.1446490738736     178.34740772822664     
178.33938170743397     355.02352595998485     35.62714379700207     738.2565404582109     164.7957561543434     
