60.0
271.29172334973816     378.15732212556816     71.94842527488157     2055.6710861769734     195.90216314229923     
185.76964467190567     358.91552749086566     69.07982881379067     2496.003949752443     319.78699560170804     
105.99006586419637     349.67628353195573     17.206460428009773     3840.149426584902     344.6429309429702     
177.2675644254544     275.41182495703737     84.34109669278588     3860.951905976341     284.08414063645205     
249.36730744609832     232.5426137069962     65.69185877825218     1615.7221917119005     223.93870682944697     
151.3038204061963     166.89299572232423     47.07884962178801     734.4359352582649     332.9198072488225     
348.6888167461782     206.6951789394622     6.4300460672322535     3157.1171379230154     170.80301484841527     
166.5543365335672     124.46071166299583     34.7905208477664     3199.9006163087615     419.6114668943345     
109.03679774372375     398.78266248952303     2.702689636260236     3149.758171782037     351.64663395160125     
218.6701149862945     106.78914566056213     94.5133907549669     1930.79828392517     198.86606089135165     
377.50996907341846     378.43495235578996     56.686837407848266     1969.2007192338679     302.86736656096     
145.69760707575983     147.3775115319698     19.170029069183737     3007.072669805161     129.83497360955823     
382.67484038090697     278.1175039168546     91.36686551136826     1409.8254500626185     187.23791326062423     
270.76709285552715     184.11410110099902     20.00562978475655     2157.0901493018646     223.1158091581661     
344.73141442370013     395.0680866638006     99.94175984772038     1617.9778678449106     228.80364720961825     
273.22584170178084     347.24957590066913     78.56825484263602     1567.8633209382742     225.37047057504583     
110.31858223755539     236.2393036343086     33.15018123497965     3636.6065804728983     454.70667369276583     
210.66220288216928     174.97454091810988     63.25810171180969     822.7917131988396     83.82467801724272     
232.02651983576945     335.3114115653752     93.34016490004153     2630.668490771462     136.96432295404327     
140.74515989736832     390.1868250510888     95.41730743528214     3937.97988399521     415.66632383810247     
150.54742248950336     279.2086613264347     38.62899147008084     2104.9555099905288     343.2474821011062     
397.37733962500005     125.82213651486865     31.939093968703347     2191.3924497724047     196.7679562800971     
189.46337858547548     340.59932759925965     86.85487677991766     3779.3080448491073     437.6282106777233     
130.15291554041264     210.85139582310072     99.44787863099916     1438.0397813362374     96.72330419392478     
354.85802077964183     343.9699683134545     45.75031270372024     617.1315761918854     140.59598975716102     
350.28658062549323     104.69905815054939     18.556994052684118     1866.8339425253093     347.40841670135734     
308.6030988614194     103.36395165262562     89.21518322540966     1889.3413728388052     70.87848807759991     
306.7349509418449     147.82773144972367     15.176593547897067     3066.956764492837     392.6548922147206     
143.10457552841834     228.02346485444522     88.89618212473171     2260.918973500553     270.2450659890032     
120.80472959107749     382.420022132279     44.26268549119543     3493.1957272851573     487.6560328339644     
212.72643490400247     302.17296693528     92.4601977212232     3335.6696654569064     17.02028787719439     
399.705861455133     214.76255803444008     85.02287121448234     2258.8442947737167     414.91597636341123     
132.71138777686963     122.16683677597393     94.76845988789502     3346.9821491311586     352.98959636910536     
353.77567522262945     163.82941009200522     85.99173489174788     3972.971349205201     75.39774647980721     
148.29201670057552     119.26904975191576     63.212906503792965     909.7908611675892     438.24089006972974     
118.91981403227535     365.8411207585851     94.43776912015868     1806.1130911384791     383.5281347535336     
236.37634351569656     371.44985088918435     74.17676428741703     708.8545978081838     157.75290749117482     
206.5751309289666     327.8461828217911     43.45575955055484     3118.1623434671383     407.37530370098386     
159.6789604376708     210.72266392312991     72.15009104293465     2909.153832271582     116.71574476482692     
125.5221632709387     213.67764643905633     58.33737123460795     2966.2649359049865     367.1296840612592     
351.8705696242828     172.59093047971317     37.50355287188254     2489.872176372887     71.14818322069476     
361.4227433075404     370.45861205482385     93.21502639241507     1804.183490518776     148.48942409775867     
124.09047302010373     305.9529312433804     12.147295386126988     3389.200036105617     290.86351390374983     
215.23033518735969     204.08470448722568     1.668519660619483     3761.5844178290076     423.17844148898064     
123.30144036699264     321.08502440730854     85.93681498369968     1154.159096820569     191.72775537798003     
155.75399457529699     377.15503616947393     58.41202974920752     1399.2076546695275     157.10839732923085     
215.1947199945072     291.78940408928395     50.20682257616868     2529.8014872983613     59.95295941811861     
385.7252455082724     245.4480450559392     81.09479557349069     3769.501988146553     320.1355854206347     
255.84263549620982     248.08757239145297     20.502246764848277     3743.440158764689     247.37360854059835     
266.7329191579189     380.4760575806477     94.71836821364555     3491.090925727612     418.4590627860204     
152.65308889550477     286.5403120000881     68.53075591953099     1500.9032507828815     475.7652321440894     
344.30255178434004     230.56987700644135     49.575801240906024     2286.8556783428558     127.95850769458525     
115.44680605918228     235.88996687750534     66.49314876824543     3857.995728919063     74.78205638506734     
219.0919156510609     284.44780927410966     55.64497116056677     2730.4055700047975     258.67861038429305     
280.1353457672567     131.70108158031422     75.97978301798643     3567.165165585255     212.51429782711017     
268.475994162975     375.85568780057383     61.02299065091303     3633.597189863294     387.73088001122187     
241.44302673492538     271.40720696968555     32.08776349153195     2968.4966745407487     68.49578294017721     
240.46564019437307     160.6051747092399     53.58837062108073     1951.3687814346915     108.60498787644212     
396.7454613155506     322.9796370644333     12.662638957892947     948.247716964941     422.7288874723339     
260.64309680082624     336.60597978923744     48.25041643249881     2540.6926161094543     507.7580652981373     
243.1830062695595     389.57900448722245     6.760069305263661     1965.7449484581057     243.43641891572696     
165.2412442301194     240.13805975686975     76.83330531780057     3622.5938388444188     118.8843161250038     
345.9809719979362     168.23323233721513     27.529771750252696     2150.121845208694     271.29891563604764     
138.21637500957016     137.93641476927593     84.0989632856368     3043.0384036289274     65.9560259334367     
142.0367131719194     172.94108309064796     57.531584122758375     1327.5182860050816     479.3906934888023     
186.67779284949927     243.39293827757342     57.20471477037516     616.6007109452734     456.47331727393123     
242.42299798949333     397.7042086526055     81.59883145646091     3603.3847502809585     28.389671733297064     
272.79121735595413     188.48630566955975     52.89772336996166     571.165261553941     370.86173228981585     
257.04976850512827     309.85386228072946     99.17801352576814     925.7565157419201     328.40330126831134     
377.65313583755994     301.5363043616966     8.15970926663937     2770.9102045394475     441.11476311318864     
389.30340625514816     361.61040766929995     17.818430831177068     2987.045678814859     326.42673017733637     
235.96463508646795     318.5872258053218     17.33639184329647     1505.3239647880678     354.09333694250245     
116.46174630070027     371.9810807783626     98.19607479541037     2313.247639559101     338.52972373550597     
142.8769719850954     135.63567124147644     68.83287641411306     2744.307337614744     40.86436742753165     
309.9195017707209     331.6885885628782     42.580568614382365     3580.60137017989     230.85480319985368     
325.3369235453152     205.95021715836413     64.35769300533447     3822.2494147707507     67.5881747026163     
208.0461366087174     251.59162197368153     19.65219618457743     3316.7627340493796     259.90192465694474     
129.76434377280924     365.73810599603104     95.8958494736578     2249.4965718821986     502.246950051541     
382.5662289657238     176.70743751658483     83.52097991642722     1373.4501872770456     402.87369133520315     
132.02132827009595     320.1918350025057     52.83898018495078     1128.4711872019197     179.44670881584193     
258.8695732824226     301.11303971294274     40.97618328831215     3423.2593037779275     399.5602441959815     
111.39419897952206     126.72551548553415     42.064763928897534     3867.8834416703367     499.1201821745735     
332.2298186661258     307.25959412582864     23.500618553404085     968.8005639198466     92.8543454453287     
170.6547660804913     232.6557763259268     65.617367568275     3334.488505687802     358.71055639935184     
159.5795165398598     341.0958413943997     37.329395795057685     3777.311817313051     332.0044971244306     
263.08322634323184     268.7999890605099     47.68689390805766     1323.6031334593029     384.8239282084146     
192.73611561218874     182.31005285423095     61.54036598632998     1049.2093526057542     459.63826043139085     
124.44562153928038     299.998966682129     88.82281863079311     3981.4532563278326     63.90272962463365     
219.7164366500809     248.35309613050669     89.36833624241947     3111.3507468162056     232.91741921371516     
284.08554307247084     118.40192241209388     50.06036977766632     3312.178841034972     20.693410985347498     
210.371020980235     339.0213957068119     17.984937949293943     3322.7405709427044     115.42334881294676     
261.2125456662918     338.8972133513117     2.518891338237861     1286.2011897031375     194.6581851432972     
358.8080662599002     303.5203360184806     76.04099348981747     1105.5805615591526     252.01363798935773     
167.78431357142756     270.1876166187169     83.98859787297927     2744.3291069507345     462.5142286677399     
114.1898514687195     248.2942126404497     83.30095553925072     3442.4671645948188     392.43922185560336     
351.66128153425404     264.98766015342846     68.31085990163905     2321.548857129612     498.27288116131706     
203.1403108643521     166.636227391592     92.49466291589398     2521.616980843606     465.467239046541     
297.47193520979164     272.3925549509448     6.543584068647668     2577.4563650980567     258.9973988321667     
229.30632556948441     311.2539164345671     7.667919756816389     3387.641783786345     128.11529138554232     
368.31435204368915     171.80170947899262     41.866222622631064     2396.719528273775     391.4993797778087     
