60.0
184.42048384412573     140.57330839174315     25.937267403531106     2779.135826755116     111.87333972682683     
120.03467039058307     162.75648705517634     71.69546358378722     2931.9448279885937     315.2872820657132     
260.70546044009177     277.6736646729569     94.03034627617399     794.9821341836118     386.65222688255744     
327.8684245738488     133.7985441070415     94.36743833732196     2778.6353234451703     422.2343534322856     
228.8630803762189     164.20996276851264     97.45594025729645     742.3524994557754     33.413179316293224     
160.9436789548312     210.11205052730068     44.0380018547847     2546.6141957686687     330.0712624201916     
305.7733793965857     215.199064060601     95.34632974037146     3186.4542883122012     102.42880045926546     
118.72880610088534     312.985376636831     85.34272648768209     1140.2033062042296     338.92624895911365     
315.0569075578625     218.26807725922836     27.669188257874133     2922.5528765768036     8.480475141195768     
114.83279028301145     288.08871739178846     40.63474940876185     2982.2104184136037     112.76821498940035     
158.26337359740415     319.4818658037814     44.36344193997365     1226.0811736963476     428.69481479500104     
215.9079968637123     119.83437106112464     60.067915133019234     3067.457116828669     94.8368816664838     
162.01342557162442     327.48334350642233     45.13217467175353     3591.075155209967     51.26355239894332     
394.1300165070841     256.79157478292154     29.476546163695915     3073.9793661537396     129.29492653376644     
303.3321995476125     351.89901950309786     50.8321227584399     1344.831848610445     510.7204354053043     
133.3577362258183     372.9854717852172     56.39084529667592     903.704510543057     278.0538294353333     
228.3112533006286     164.7932934266673     25.910478312209296     3151.748356583428     387.3566737035303     
234.56191362494684     207.8431487607741     71.91807067611846     2681.920305950742     158.14900959347204     
301.99025010120374     216.1651682616661     1.2289501067681452     2343.5193721219516     189.42117152532182     
150.15396857330836     203.4846959047153     41.79559703220676     1590.938276008371     45.869966577081755     
165.72410030738592     101.05013892795645     82.19898207969717     1599.0562913798726     325.47233909111515     
278.8041835730834     274.31803316970957     25.03032913663168     1400.6360265378555     355.5875915433017     
373.9929505640763     195.13628781219847     13.05932485218203     1006.8511282114509     327.1251477859314     
135.0025061747781     243.74492897262914     17.340039347267144     1725.635346984946     304.36285314536485     
288.25960337788445     124.78234668236826     44.29946910594972     2509.736362255103     435.97060021006627     
132.216485735862     245.42100123832165     91.07848613327569     3885.225187968022     90.47077076656893     
259.65470499491005     216.2299297151173     76.92345993362183     840.1716466937248     423.1338635912349     
219.70748904262015     102.07144887156457     98.24294100387388     3603.2403174774554     209.42776129925852     
234.48686681397243     276.36238176124215     40.02491619161024     1009.8758171875645     370.28329993110015     
273.9838054419654     239.42119630723843     51.127607278657585     707.3261306751795     341.4725153598345     
302.28155843242973     165.74711016678998     72.88438531851438     3825.7931510470894     135.40449110535462     
173.03978338538565     103.3643370437823     81.60955211350513     602.6994722812615     138.21749345908177     
321.6360130904235     154.5120004397662     0.6961496348395713     2143.4557470695945     23.811463780147164     
379.93565072727466     398.02288641168826     8.157751054895268     3197.8996555507165     485.862571741283     
336.9617594566223     246.89261471724058     5.586801869467362     1165.6345241815577     365.18195597237235     
310.3296378519992     134.71543314817325     95.47594248136589     1578.3248491511408     204.44197191467282     
332.43342954361555     263.52603826049483     38.619145515435186     599.0515778820812     185.3740512159966     
183.13863684545038     246.8963380926028     69.07383374442915     3197.696428030085     497.5621528243129     
287.3712284973347     397.67718233386546     1.1108016076757377     3343.589037341511     329.90875578837364     
204.86929432714777     214.59794705362611     72.66879971476213     3914.0658380542004     355.4809082432966     
239.9920005839927     176.91935823661976     47.27894317560145     3829.0399330024243     264.7859457347831     
165.057290702864     120.51027354647964     14.624513962545226     2022.5821305528748     160.67672453313668     
260.0441015484736     253.1467523466434     47.70463136509143     1504.6138352020523     58.240829069285724     
244.84809712195644     106.20234140911494     7.918804982537675     554.9295173774432     45.76248792572875     
162.305893671583     397.40142706629604     72.45881059786964     3220.168636764301     26.643651416495914     
333.65213776132214     374.70037686009954     41.49829266168227     2759.0018672055917     85.20899966608908     
185.22635587750278     351.52069593038436     42.325799488862955     1607.985809497403     493.4974110921173     
104.05435751811044     119.20249580095529     37.232109545348     1661.837120145662     317.36140338771287     
246.0052032737568     194.1567107703732     90.09090891930136     2645.738123933997     298.89643442232546     
105.23321023150419     307.57624420860395     11.743938115602749     3234.8436595263734     300.15521787043565     
384.97350779501943     345.83263392478625     25.330012427095795     3069.4900494074677     160.37319026225958     
365.96500199185067     289.84171899728074     24.715800967855927     2539.619155210389     163.2691504258429     
209.00595334946266     196.3585804520696     4.8673979605170175     2447.900722447925     209.28143924057554     
364.21152484015545     378.41213234239956     11.16622033306134     3662.8172993790304     419.6877719330782     
352.5713997498666     391.5542348366994     46.68258431718457     2161.508177926875     214.24073710254106     
259.1056027865636     196.70861182727145     53.86974265685418     663.147930892498     429.2899012924133     
123.54655881786539     116.66858079171264     52.4885742580516     663.7218098529627     511.2005007406948     
129.09012372051274     355.0849746196211     0.47686202244161535     3527.195119010839     110.62753126105389     
302.6519816572297     136.4440091790913     8.727101527870628     3291.0474765966837     12.87137642084383     
326.7002639683657     258.92818478464596     97.79846323807281     2973.7707117999357     307.01487281065516     
294.8324163478449     370.1720513570344     47.8972689614938     3120.660526007459     473.1171534166419     
304.11065042252073     233.41584993325446     40.73453594723363     1280.366912362358     313.908699432521     
198.54406131554975     241.49991756492923     72.83127229587261     3423.700321841705     134.90274793496235     
265.6424693056479     174.7242384098687     85.8632879721075     2137.2521047815067     178.8285982368377     
186.11544125754256     142.77538711394422     71.94644002942754     2886.0112450944675     6.051641565682019     
143.92053669975684     356.4392833237816     87.98661508359429     1833.1413044709209     53.23961613286002     
282.44185763220685     311.40627726716974     0.1400998113717411     866.3496081210055     505.8808854050775     
228.70475235921887     391.4143515068509     92.98622270376391     645.3522768754653     116.39990353638086     
358.51629733411363     248.5395008502637     29.66945685364959     2460.611269069317     104.25227462128072     
303.4500935239194     218.16760978559932     81.02929437195392     1662.081308329638     396.6622705744459     
224.8922091967044     109.25218197359372     20.201611000221764     3363.1319016724365     109.20535657737366     
189.66672288877862     352.8793661445576     52.133565955975605     2505.9579958976137     426.61095585696916     
233.2520499482556     297.7480383547006     44.67035636758001     3059.756179657968     346.62119813188013     
186.88814064595405     264.83563203646895     90.83164210401108     3118.3931523713327     173.21414206762267     
272.8943264623619     273.56043773699946     85.39055548028726     2997.747162629422     487.80515280066896     
223.67776482861842     147.40474990167337     30.448608731553485     2301.355171332606     163.37741906736375     
145.1628561997927     376.7084420212006     76.12387399529172     2823.7748975683103     134.97260054867172     
248.21886616368502     206.90378342096653     60.42299185566651     3705.991316827684     299.39498971902606     
210.57380937624026     145.80254725253525     73.84065989701521     2730.652813594657     170.8737794989857     
254.6824040246286     277.52154764496436     15.069170800097842     2600.771833852548     120.31283817143282     
139.53648860490554     216.35787990277828     57.47283754245148     2847.1053443040546     49.70164060774789     
131.2319352923906     227.2659507799532     39.92203266953871     1201.3453420556357     110.64204702042605     
252.93571288561492     153.5872732514972     49.00616418781739     1532.000980140985     168.49156914956393     
168.12306723672503     194.0802677350849     25.857165897280776     591.7384530500506     359.69035477464445     
269.2100707281903     299.69548164678224     59.13303726916412     2007.9712780030366     367.9421204318351     
269.2420635357498     315.1510726826264     12.889855836760377     1514.5672304918785     481.5166026755392     
371.61939507165533     278.5967562749657     70.00850361806123     2000.381783374009     421.46319631259274     
280.3966326590435     179.27148024829597     9.083770120331858     845.1083634547883     257.65499660368516     
375.7839281980851     327.8864008391015     71.36347692823269     3720.8986816276006     293.7910152851424     
293.9534767711499     371.1256818816918     17.318090498289173     2139.9301357636978     338.8052110715334     
101.87087423855901     269.1060626799298     73.58420221877545     1083.5060937956305     6.19882639741428     
396.6780030900349     227.6622404069044     68.55516982331787     2850.744835023152     426.1394444898593     
287.5127836711619     231.58252280231548     87.93244099958542     2421.3222645216138     482.6780970159407     
228.9788636326854     316.39737193946746     87.3172295704967     2414.614250090251     112.23843919216665     
102.1162777756375     134.55868017932121     15.735159035845125     2039.9115106930574     166.96666642791075     
275.73552250526336     360.54810019724346     58.730290478931735     2854.9276934957306     404.4367106263014     
237.04511444558685     277.578938785158     46.3075699705451     2825.4171106540302     442.45863499860224     
166.47173598914978     199.2873491210337     79.949072289634     3596.9560855365103     208.03053292865695     
231.5631385159473     184.1822181535129     69.09268291376294     1100.6002967375466     80.34538664042412     
254.2498745338445     317.0258405653659     98.07330561604778     3596.4486948696185     81.88252524947643     
