60.0
117.35187357426129     274.86878946844604     21.655811953751957     698.315677054837     486.51160047977953     
389.40539081650576     304.6310403561723     99.86741520708813     2847.0958604835523     179.88714729359975     
195.12598729086835     371.400070181194     94.93455719092523     1697.10941182405     101.29596055254024     
263.8463083094101     394.9940737002909     78.1843348363133     2306.865622038209     442.0989368142889     
270.8599157603843     389.2493509051178     32.456772679963244     3850.6051572870697     492.61584825044486     
187.07393870674412     318.59009327934706     80.07079041589411     3178.2362611232825     309.8254019634254     
266.59764278057196     113.62246014687548     38.99631320245758     2565.647260639741     480.9609438576347     
335.76199331202395     243.06613339760824     65.99766025899953     3473.800103263271     20.231056649474397     
163.49311658173605     335.40240800554295     30.655232546554423     512.9037961748115     331.87126766741443     
261.7785039613693     378.92686426241715     85.78901564007512     3976.712685479422     239.00366080015783     
249.91942296774678     398.1635794846368     30.421718984643363     2374.235491417955     213.141644174973     
123.07932300915314     160.89071376487502     6.779885755726345     1529.7312225736666     137.34688840598125     
106.99692136857108     107.466405460116     44.84264839677652     1450.3418979256344     137.57978637168623     
382.2234958104072     307.1315674184316     60.580377903221546     1844.795201164868     60.22348456775029     
304.7649195846525     295.78034519204425     62.28077254760894     3713.868371581736     40.04198959158765     
272.9831674200311     166.18493052737682     11.997605760636354     3349.9637812817728     90.94054205469212     
156.24144292792215     199.69395297392117     21.507802978737843     833.8660726062619     391.776658637242     
226.45671593974174     105.46522958852945     55.98210287967067     535.1880485990422     376.17880924984706     
111.59134443017727     116.61770970016815     1.5197585937824942     2847.651679232453     486.4440647478174     
355.60057822249894     101.34305771265636     80.62059792149684     2537.2548917615904     175.85861978185756     
370.4571320933226     205.7127394461258     20.56306191682281     2357.0135281695125     3.0496736727541247     
157.79449951331634     253.78348148917627     78.71184645137306     826.5748092391439     66.30747021983012     
214.28880825477682     176.7210898982829     59.60486382869718     1398.3632801580575     31.928962186505373     
350.25456442258167     256.0502723782681     56.41876953108896     950.762571710985     375.5476003097783     
221.51621721911033     394.8516560464464     37.10705060351803     556.510935187711     483.3530199223055     
123.80513664185318     356.52650247618647     35.53277885224044     3470.8274680528525     268.6570276854862     
253.10506735699803     248.69867894847616     16.271404722963602     1464.6229473282574     486.7875651239778     
262.3978897699694     252.06676910915178     13.22207443416039     2981.0887594669116     127.57307936744388     
303.0777071687342     389.83317879785153     70.2764371430567     3868.6652242375103     306.83141678574077     
234.19457708990095     264.4450139271844     68.53434929351646     3661.6949947194503     277.90519094526354     
183.80213157025864     120.39524548367001     26.85049632191253     1922.9809401147156     75.8868949420521     
325.06900576234136     179.54670185920853     53.71773891745438     2018.058312475224     303.8017102774056     
287.2848248317737     171.5981286861487     61.309008752802555     3369.0403050083055     380.170062423027     
246.77848297626517     346.315362579512     97.50655488304018     3152.0283274099916     151.17583780539638     
176.5598147057627     379.0915422518659     71.47702021627556     2205.948576443709     37.25767941714207     
354.23965446040063     154.62786820570298     70.34742849554313     1789.8063810596516     76.13629512274707     
152.94968845357795     397.8685830374401     2.3347707687700336     667.816963297308     208.4861632157547     
123.43934896532417     270.95583437864514     13.136390405018062     2808.2262540188335     415.7909274250246     
320.07481778919777     341.7706258083385     60.43970577622139     3238.084150328247     500.66863850597423     
152.32593659795867     232.77385884195738     32.980245007922484     1218.056873076118     21.1947960887332     
270.781449338435     242.2695817823952     74.9312991418486     1567.5099157108248     451.2775364638087     
210.0573990462155     379.2894915948703     94.9308688151109     2036.5759273721378     475.59915727973515     
322.61250351364725     164.39490101827235     94.01625814056025     1463.7140175824575     345.9533605605816     
188.4121717708551     361.4715098080038     37.27574699945637     1635.1577096963167     43.823725564134804     
177.20985390838518     140.42023109212488     13.124165711035584     833.3686333545081     329.44402770575505     
345.86872571914716     280.0076985932434     61.07183093813246     1646.539273950656     83.02185111464996     
202.45222322488124     284.9148604813182     87.34345270986297     1010.7051833513301     291.35509593375195     
327.38891439535917     289.3828226730988     70.0144629511012     643.4973998363266     437.8367523225875     
198.7275237185547     368.36951497767365     99.28273539407304     779.8161462920381     406.8972048111802     
218.54395182579395     190.57200839904743     93.83351013712209     2330.776908850906     22.456810575192094     
395.2255199485991     285.8830316045604     11.20413888984909     2004.924793369018     68.65540225528343     
133.2341358170171     266.92126738662023     23.16162550159131     2567.360513856031     364.86888081756695     
103.42027159862369     377.0920432396573     93.2561741274493     1338.680993305959     468.77416525823355     
151.49575959885567     367.8506656525761     23.74463415471777     1540.8276137833293     441.18066580052664     
375.0802710226982     103.07381297222605     68.07015705980028     1379.607388829013     196.3519024323873     
134.06873524863357     175.46879656170938     17.043183270276064     3851.089315190109     122.73715155246327     
355.4757995924517     264.47375188988536     65.11407760456203     846.7573669910513     472.77090934197724     
339.51307404645434     229.61951205299005     98.3525828990117     3120.8521173153713     386.3903749514626     
290.4122527845526     156.4123161489311     19.32218875344349     3712.819791096674     4.651186348226133     
208.39500031357375     309.07076261432894     74.7513813437951     3895.60083489823     81.19816092326556     
231.95734702893236     283.3075695893991     50.00059949249245     1471.378351950617     228.61099426742834     
337.78496586369647     159.46592451979365     7.247951999999735     3629.7263769400265     333.5245603221866     
153.08937803586247     238.7927117136263     4.274582990792153     2674.5496086886483     436.5421706133815     
333.0788698963769     103.44211663746792     24.760489446256063     1197.8690986121287     261.49327316996994     
128.99984572340523     360.28361808636276     69.88054588161448     2983.2156735781755     227.16503930894999     
357.7169104062384     113.31760398655749     83.93361570517519     2834.010939260735     309.50519965387656     
292.65234434675153     267.01878845426404     44.46524648999014     2072.661208122583     43.71562918954538     
324.1642869102372     162.48946275129478     96.72159827403839     764.9138407497252     290.5720207365447     
336.832260548975     336.79865874314135     71.35038821085469     3985.421559801076     151.23676422222252     
130.65690075675357     305.87702578879396     57.17317620444648     2390.9478144782897     345.0403801032116     
293.90899529432704     277.12689694165454     7.62771635548829     3754.050671277642     506.59562589159884     
101.5102714372314     172.29935054449385     16.51855953359376     1615.1480031952965     351.38431964249247     
299.6509133204295     237.62421624560665     11.206725020041242     2217.506463017282     190.5311312245613     
167.73894386540343     249.67576626767732     79.62947166085277     3761.6291025335877     328.6287128921129     
277.6484760396611     333.75376975435614     14.844556743359483     1743.797536684364     270.2483321243907     
317.51856866017533     216.66461693818968     0.9055966712686492     1255.6171228702983     49.13225987169312     
397.3646837483644     128.06254258336793     82.10920585480098     3670.9962176388476     73.8202752481094     
270.5160209492475     148.27139609515172     19.904590584390004     1399.8562758367748     257.40603385222323     
259.88458420851305     119.98901114416151     11.588252337504624     2990.95014942631     494.43392451644644     
308.87230047123813     116.7164661305053     99.41021441784459     2333.7244304761243     203.87187900504995     
391.60397715169415     134.18466465335746     9.444497302818789     1981.9431078968707     121.82277479596905     
132.89474861729474     108.29354997280434     65.51863850420241     2251.9512151308536     442.474988143781     
135.09657821311026     380.30439596901675     88.68781272203286     934.7965097916149     338.5671415468825     
358.23306713123014     210.10109793891843     31.673473030704713     3206.4687574548147     206.35571869500808     
368.13164699430257     274.08438270830834     67.3923769316972     2402.7644609632143     238.81193250428566     
220.0985374942392     232.60405400169026     48.91524072293386     2076.904570296422     60.858199479148084     
273.36905293274083     304.6795693915818     32.71632310289391     1810.0627278410402     400.8522385461398     
390.24668885477774     262.3858865055895     22.012856555685445     2449.030005278799     400.5067095524706     
181.9148832955599     180.79709477162913     57.21460801767054     1102.6620703632334     391.46874185211897     
314.9761772077551     188.76977398331286     76.25759575813323     1554.740790441821     256.7155355996058     
100.141355239894     266.9459017564435     6.876720039149142     1173.4450471924374     65.35776890512454     
272.9847044402245     365.00110027648657     39.73132889579885     3837.7211088627023     470.41406818765296     
169.61344032386552     289.62203010771566     63.93173484000355     3102.026345589137     73.99499992471289     
285.9372466654129     113.35538023396434     9.579658446840966     1093.8523553280945     476.96622733261904     
140.46032080296587     164.6477530660032     13.1700807567946     3057.223016730862     213.29707191286093     
152.101442022723     220.01928462524899     13.559395728525237     2589.8843509510125     132.24171098230596     
137.1104460668152     214.0514237839903     58.82249845000101     2311.7575122661356     129.00240969911556     
254.13604073345937     113.2268022186057     26.7827907056133     1175.2986945489047     440.95634750945726     
357.1889552107752     151.37264401794766     64.46276127125155     3438.413305607634     217.27979434029567     
310.5135598966094     242.44556635686217     1.605312775854173     625.243087388268     217.9399784991341     
