60.0
144.9117856817777     355.05308923494295     68.61949424830051     2650.8612696227924     345.8579644804702     
324.5796213204631     247.71951586626605     28.356297246246807     2461.4315935914155     240.92972915427964     
382.8274230435522     310.3664659386432     97.78544158967448     1530.8796096176552     370.9110910860873     
276.32037276939894     294.8230290743874     91.53591838705104     2039.1488336123027     409.24638790059277     
180.46403717609934     272.0025271010037     77.6257554537232     1168.8053727223037     234.5269194222539     
315.76383933802185     340.6755723173854     99.02377961548603     1398.4944604243626     366.8236122506241     
361.9167878643433     271.5405344628897     92.54549539646266     3991.3828071030866     108.60012408776078     
350.6668773485359     244.4978217982757     3.6924813589384153     820.5534567728037     112.17306340151686     
318.1283830877852     244.33733803753051     67.86856848658086     3126.492423518656     359.39330846360417     
335.509709712857     110.99372543692434     44.30004132979688     2015.3083416913114     380.7722925393263     
242.09001010913846     329.9047001444908     56.389896232100945     1830.006642204274     214.01465957044394     
366.3782921902377     387.2650010963861     75.13032190159599     1427.467927003784     447.75330147960875     
292.10450032261394     211.53743648442145     18.79102928207451     731.5705622154671     268.7238096040363     
133.73896931544095     320.71144621955307     39.120924051826364     1162.780912365331     326.04971507764003     
144.83730856877082     243.38842128404596     62.037784168149614     2802.8163696768715     369.5342323785947     
110.98199821415716     169.16101985723805     56.152597164366334     1185.083184629079     68.8586801422316     
296.0365361841054     168.73867581639854     15.497606270674314     2839.673151142068     402.58255495011315     
165.32455404845464     277.0516912257333     55.007568183416055     1557.3224469936708     411.54102048726253     
203.77346144021368     358.6301968200407     38.601798729727356     3242.922844227637     485.3934061982648     
256.049240322011     328.96123670580704     33.83077148666871     1870.4578832078266     398.2574125021493     
154.1637186115472     314.3580673443626     82.9368791411752     1379.8393560971576     194.98261911942546     
386.52941401547344     323.0385765560684     0.7832651424322323     1426.6281772329073     213.21784940052214     
131.0377233414734     298.03815803611906     37.49692659262516     1739.9231702796314     113.212581400945     
202.91270876140555     116.75445656613468     42.808575281005076     2232.4665577952273     463.90839966211297     
293.1373065794761     273.4944921338051     0.593547392408833     2783.13377443828     422.44046247120696     
208.99255496496346     391.6228080933008     47.70049646278923     3515.987631726546     260.55184384863674     
220.25946631502387     194.40194091159975     73.04351201585905     916.802698499592     453.7830165853051     
217.42400797067177     203.8454315607362     72.43783590854565     1868.0866763753684     458.8572609235396     
384.4227000483181     130.76875371527956     2.4901307412953377     1673.1803477060544     212.7613201017926     
279.20371220613094     186.83898513865262     1.3225339492544341     3125.3315377114036     246.31913131332647     
395.6078952246044     339.6786524549347     21.129290875256668     3162.3760615263486     3.1845272000823     
271.8387751916592     287.88850030926017     70.92063518343991     2363.2720482192385     272.437595343081     
161.8734294898323     196.4036662879368     72.08396163319829     3412.770095166732     408.3835421835237     
350.9195181445913     354.2478433097616     88.07034943153498     3553.7724962681013     230.74908372058547     
399.5497864669107     390.65024685906195     71.89297320913329     1723.7329014475786     425.81372713205633     
347.3664986408729     169.3235722865175     23.01113682056145     2711.6428442250817     51.98054773843546     
225.6069754728315     266.3565632206372     87.05513544909877     3233.0299799165864     131.1103390726496     
364.3610384704943     323.521442266581     95.53702333179154     3206.8112574611555     383.47041802948615     
316.9196601128955     247.09852422434722     35.61455694614719     3156.412835293402     483.40106035201075     
283.2461335088333     119.22853058723001     69.33431288629157     2051.076316561627     282.735758480888     
221.72992325599438     321.20327864661635     55.01637179905144     600.8387455251168     211.55669401001148     
139.2939714997763     248.5102953198748     42.488211195420035     671.6743102416556     443.20783826291955     
159.76213287411957     187.96841819962663     94.84520844814577     1770.174932348747     241.59476478504962     
387.4080538322121     174.6202380233497     42.50776904002704     1707.0149069591737     390.20690877163196     
337.7533020696907     139.23450636312643     7.8357841263858035     3206.24833292344     155.1397957058768     
329.2297880408385     234.48644277550474     56.90866809771907     1288.4171705880287     159.6822547132349     
186.13679710780565     117.68934171402891     80.28219515734176     2395.2349352941083     456.1898459378537     
149.85691810149407     285.02912468568354     18.006684156669174     3401.910104122883     305.60489670642545     
175.70670349928417     176.86197887823567     89.54874811282225     3474.6201551539825     500.94110692434157     
170.9976206650905     228.4872815862551     8.521236630676565     1638.4690616213663     98.66771920903182     
396.6815030945182     238.39858586870062     22.992046690974156     3527.733457820494     225.58012873320223     
122.85928323670284     393.84049836846333     16.090876073538084     3282.706223501619     359.62188856348735     
259.0028658222012     193.94374326041526     80.74527094086822     828.0098993625998     462.2680312611699     
297.82352900793285     156.79030647220452     75.89605562305012     1438.2142639900535     387.65828057409095     
245.21005276860018     324.26008920619284     1.3077056562167289     1693.956092061334     52.51166268864284     
151.84419034849196     269.4385015649059     45.11683302178868     3132.6185227979404     466.22918413416846     
395.0222612141777     373.02456840376976     50.85430856214457     1037.0324324182102     194.2434882585069     
164.8154291523939     123.52924363580576     27.5842196868892     562.9975888810818     424.0977857519579     
213.97631253256895     331.39593299647834     57.07318095474805     3200.4681884721786     218.7154837566602     
357.6238093604348     204.60675087910883     46.18652866733095     2769.6938225379026     370.70223525798207     
253.1803623979752     299.749070782665     18.906727777581057     1418.0130944940634     90.25141241139409     
263.3887574123791     236.31787268824243     61.65152039955315     836.6091102100045     412.62577119702877     
140.46667614107542     331.1472987211272     2.881773801988874     811.8342010509307     112.49790897481176     
384.115828738877     177.9325912823102     84.33866957625365     692.7463992956116     300.5757981792886     
327.90799718614676     136.84204258693046     33.14375570367548     1340.6825479900103     165.56638364483     
375.6795915968319     398.477897132804     78.55423438258458     2802.847164870835     450.2927008693414     
240.688680965576     105.45580121857589     79.55168709992512     2318.9804548654893     125.86644802237612     
336.19829697683883     218.12986924226306     32.36701131850598     3515.241479957965     282.7323799093709     
237.51839965641233     236.06210827607316     50.24783386078758     2018.9931488289837     394.9953828370923     
141.37870855815711     103.07304969669568     58.490431636197606     3449.176134842169     99.19741560501421     
353.90383315526606     391.1052190841324     51.30543328981692     2429.5221767052003     338.2695166087665     
239.65177936389358     231.2381351400937     9.8542148770691     2129.556161501496     258.3271087741491     
263.3524575532546     291.4214912889496     6.008076326451672     1861.8378317824224     119.85992331554235     
177.68180821965692     181.43180227549868     76.17659415218387     2277.787496911449     494.50021335235243     
335.6082591255553     304.3880449965791     44.96712553762299     3926.5109462217983     420.52804122917854     
159.34314340690887     241.57408350838054     72.13865334790444     2867.775554104401     163.75217915377965     
258.8864649202423     142.72655200046336     20.892569643756165     3261.523460855012     32.1466758335867     
308.18772040494247     298.1967222525526     13.440805765669083     3216.5432892747745     496.26442082853265     
349.29521198653015     119.46037364229525     48.96440203518677     3104.0712335752864     257.03702787287114     
212.87923779535362     160.10414687204525     91.68550535965922     1170.7894708399826     102.34397563494167     
155.6549578464717     291.13027988380907     76.28500690783473     2595.802424096811     228.15464574493683     
318.58830998457483     146.16889963822754     23.090152058089352     631.3205900228162     190.0798341997234     
253.1389901913617     112.22288533289762     88.0193739626278     3597.2822520338864     152.81539660579898     
314.90817991722645     228.57491208609082     37.71232511667808     2444.9342415830893     488.03594869368544     
161.8839381993651     387.8998427044375     30.053205420162023     1914.0883622355084     288.46696929440037     
165.88042249593317     177.32129364717252     56.20135819813139     1142.1963475096077     325.9208555586193     
245.22025279139953     317.01491727165114     80.1356683269502     2879.42094525901     92.48192878589856     
282.07000367649346     194.2811959411739     38.92322487720461     3874.780636131542     86.66046045297827     
390.6478246810575     203.9888221886161     13.652320322114209     2770.1829176538463     301.57571528376945     
123.5918570541414     111.33542922422302     89.30014356814043     3558.7041418561944     49.192791568463235     
220.26817087085453     275.7328372469831     63.8362665715389     3902.320694242959     374.7357506199367     
120.29778928840578     248.76954230825314     8.834724811466943     971.8979566503019     37.10268725086058     
367.1565085030574     381.265658934418     67.12564081537042     3452.413025062201     292.987526290802     
148.15023510187984     189.87126495455203     77.83613734914803     2534.061163147007     418.41913873785586     
302.12539164368627     388.1831373776464     55.579497517114575     3105.1111751060694     306.4192572343966     
304.74444716433726     314.06774267929814     23.430171348028438     3072.5318914885274     171.00964481154375     
149.4467804319353     306.38637858081125     23.15103300995406     3447.5284832972693     162.1383488028946     
201.03523378365605     193.51051750141067     17.926633900286927     3994.8082030934343     312.5231901628745     
249.2471644594253     198.55489757725087     59.87823480732843     1312.991376985708     32.74166512863326     
248.05979207997976     382.199093260152     66.75858606597886     2352.11162731864     138.2576061737572     
