60.0
307.6193683787712     390.99925492683656     29.235168280021107     954.6644813984452     396.5596884760625     
132.5047160578555     307.92972062714534     99.16211152842675     1061.7058131653926     16.957615057482087     
350.0564907348308     183.4738644701127     86.39240160146143     736.7289344958342     62.70439785365494     
116.16874485303985     350.94561376847093     49.46480648736961     896.1714581839627     272.4414175855221     
249.32919098106453     316.7486957841955     77.88857834189034     1730.8521260902103     103.9583204062505     
327.7489003725185     187.6172515489051     51.093917575032876     3053.9551350381657     210.7365386243971     
294.7468149706908     386.44273187316765     92.30466869143605     1838.9564684945187     125.25407485974398     
217.3911310505104     207.4578193513085     9.845487899960204     1961.4477431087073     462.91463850153957     
173.9897109101732     300.6566492333394     6.899582955761652     1630.5907553136258     432.38572487002585     
355.6610886704439     304.0162524795436     11.547195353117633     1564.363728020273     144.3662520855297     
234.35559096450888     331.40800693894823     25.103697684256034     2227.8656428169047     410.0736163786134     
179.9385563706735     209.92986383396635     48.56974151295304     1394.5619663743323     108.05912808361649     
372.1059962908421     293.54176768203814     43.12979752076044     3008.81068190319     207.55640643331907     
362.5826098353902     116.71423044133044     84.80519524890519     3155.0071616901005     344.0261916474992     
387.7470188087252     328.8547864710953     53.52904494693559     2997.7880821961544     196.2425326074453     
188.3924668038198     283.06107300926533     25.425435853579458     1936.1555753105176     397.9522755158923     
150.55567986089136     170.7737916257476     95.68514077916006     1808.275402781979     365.94766542887555     
273.254886899916     271.00090079362144     3.4450487311846745     3883.249275768066     273.9263591552809     
164.32361143611956     243.5516506936699     41.876472503031614     1827.6168274947197     176.2700131942073     
181.84527968723071     375.8098771591565     89.21892918665318     3362.872385941578     82.90413299780266     
346.1589682981747     202.4668925338792     63.1317262081774     1529.666882588324     68.21203952913697     
299.58202737758205     106.33870965233801     88.40002848348884     2766.0746263462456     289.6858170164782     
166.48196647188047     145.48581906072886     16.210307140521984     843.7370137556688     22.74492201614055     
127.15567987933377     343.0434954723851     12.024274626123654     2238.9821028410283     371.75507362820474     
388.47026948817614     299.52062947258946     85.26793748300413     675.7119105212922     174.131357762062     
368.987814473383     384.1188527329771     74.29711253995698     3296.8748569164914     415.64708278227516     
393.74845358033065     137.7247659161033     66.79603522772321     1428.1211612694424     396.97268382864155     
258.72680989054993     310.67451617816994     20.911403008585726     1518.1807637591933     207.1172712655299     
234.8476088539886     179.82906752934304     10.988845323158314     713.5260983699742     141.62781939294746     
363.85593623311394     351.94825604210996     86.47424470112688     1886.8658404087307     166.76731699084064     
277.8520053447984     131.64779516511004     97.5960915022404     3342.66846566856     99.36456658524583     
250.85657178987793     345.387181397091     73.56743123855655     1778.630504003972     257.4505725288535     
146.8518994020707     378.56865884765193     89.42385448512489     843.0001817511735     426.8478896055355     
215.0067066681735     315.5215837783463     89.38250468781118     2233.6833378966794     262.2266967305511     
378.6748087355418     261.7687748514044     45.87870290837378     2151.705965747518     475.84506499859225     
232.36148783809978     283.5524821321801     46.58861279737254     1809.3661213144167     456.3636106580088     
107.39928141235569     165.4401996579764     5.297815407893436     1712.0842249369387     492.83456282235335     
103.00383010763292     277.31602437487095     62.50415920349075     2734.4520528433504     392.3947657852971     
306.0802681727487     163.52341751933346     35.32180119611654     2894.785041662926     321.0429352919719     
306.20308831905544     291.80201667349166     80.70861627434245     3935.624959213832     282.0305611816698     
292.8358393252496     330.08008107423626     71.360513290367     1682.2240397828457     132.80360596407377     
291.2992655739716     223.90498343124435     99.46838150782294     2159.7431974995784     243.29527852705849     
102.05123501608324     377.9218220965253     94.4509510732939     2791.4958049235506     45.531551321083384     
399.2480635672174     133.9769305634363     55.84221926399208     3874.4666699425607     20.114179318082165     
113.22515605021755     254.5709553897533     60.7488517034451     818.9855272324717     372.53946804370617     
144.8142314316332     100.62067359385942     68.722144303608     3388.3321074251876     233.21022281348348     
321.38010495378563     396.8694364606126     68.8323550627459     3948.9876622210413     168.8842744856006     
239.07059812569392     105.78915469125876     50.56167833097128     2050.233321943778     48.08599447891487     
317.6351059497606     209.0716196343007     10.290716146798196     3464.0510372997114     182.9264079711968     
276.51925289180616     103.60399747910478     19.914651595808884     570.5385807605046     226.56362275548025     
187.3359205787971     122.23681711146708     80.14893274076496     3091.223851360341     166.81028625342418     
235.85805545500446     269.5282963682689     75.4863952267453     3671.9587595112484     133.333906040971     
229.08159828392314     383.0508928056905     52.02887049693852     3535.3017191483596     192.1305070711993     
112.91591852432398     244.9637455135059     69.07938167075523     1140.1787416060756     156.72577444094782     
271.29222000755544     380.41107648686915     38.1196270921486     3236.7118937891205     491.1366466616523     
238.00800855316055     376.51872415580743     58.054756067033196     2481.769312222388     75.94812395884594     
126.03280909750072     100.45009437083905     34.637952769550736     3601.602122090516     265.44822275104116     
177.03795836026194     306.82578386591854     47.74865603912469     1631.7773928974545     139.87844373056436     
352.23309736318384     212.08901759046026     92.17897555313326     3018.5431357389944     91.90224590425271     
129.9073972583939     304.77732126211686     97.26025570247305     1424.6267757922     333.5759177432644     
223.99887215984566     162.31355345297112     78.92700611141173     3788.1783239363     235.33703551483978     
154.67892502079096     394.48646776882714     56.311382218523235     2280.688205814992     288.5818349139934     
253.36328662974995     344.4745493454578     18.91617013072422     3467.0379562958433     353.3290760959645     
349.6616694473813     163.4436277561736     1.1723934796111446     2565.448261682771     124.23582413823465     
131.72771540247308     115.01636823180773     72.26461441297756     2187.136845489159     294.64382539090724     
236.0189060680154     127.69308081662149     20.225436805693608     889.1374497034587     260.18376184412745     
328.7319274467382     349.8201290838266     78.47969989722621     561.1341776807822     281.9366370839516     
223.19424393074917     124.05008093188984     67.42602756076124     889.6965617296406     129.48199352072066     
161.89910968019984     356.1835857072139     45.5331876889874     3675.6955727318036     300.54671797634694     
110.66213579955158     372.25774728430497     9.121914863303559     930.9546864247093     209.71173140892103     
282.83808107969435     100.40442843589511     38.48587134285096     2199.8705483221365     479.5650220248784     
239.16385150209962     131.57124740008538     67.3511860716245     2667.9665406513723     450.80920473107244     
165.9550134271787     363.7347657191252     93.11353608270927     3382.1020032844167     115.22582220020888     
139.3126100375444     111.76981331649924     43.38924523759209     3341.874990465045     67.38862155126054     
250.61976574095434     245.56572750562347     57.426365484763984     1949.906395400019     480.57236584124     
126.54983058068376     125.43688626448407     48.02861748411475     843.9043771581833     274.68930466676096     
336.82528069570037     366.20265961773185     91.42030882836625     2985.991528856882     499.7786783445105     
329.9044031128531     291.10530492638827     80.50098734309034     2400.792123891918     335.4124550950669     
344.0368479603628     361.3128615937275     41.15215751787956     3488.9855810763456     358.9721120480883     
343.5326359413273     162.31502931150504     73.29464515057556     2917.977522813626     16.129509379312253     
181.80406407740844     264.5647325180743     44.653499972656164     3596.0898908172153     76.39592677347429     
209.96826310801853     329.7407148249532     44.15187591082215     2050.215178651605     321.14098569683625     
284.64165022688826     357.3129463902123     35.71808106105892     3088.5894530882183     205.77598313863143     
342.4492174714997     178.46700121308336     84.5821583734558     1547.172955175003     17.143419342996253     
210.7032024979764     267.29101926582507     37.70069934387295     613.6924787490213     496.3128625028355     
110.35606303616719     203.56179136263438     33.19245858402725     2931.42472676492     126.32172141179626     
389.08987391825764     269.7074037449299     97.70436421545334     2761.741238291861     283.30806270866134     
341.13028145429655     159.84779823375246     75.47286207443528     2562.6357043345747     95.02519661731935     
111.65506434843499     211.1515694849038     5.519311232786295     3765.2537230273133     77.55249443571563     
158.15927108505673     128.91690315310387     24.403481530887106     2821.448140213809     346.50791981857105     
256.4778988688414     221.23518859419383     89.088507812476     3344.0126998227265     445.7556922521858     
305.82884448419895     202.87096898862103     39.94920113756659     823.5661742555516     133.8175448710794     
198.55833441925228     110.54172094941931     35.84748510617596     1871.6996592653986     222.97572493996154     
318.7476887674379     152.0977699715778     63.32694443104533     3054.9682776025033     285.3013091908845     
322.7011270087679     292.54439955931105     77.82291291693721     1277.248914656444     253.72289921755134     
235.22667496992358     247.87856616228763     73.57262168815907     3276.3805030429758     386.8643066927078     
210.15645520552837     307.67325857229434     7.737084368130686     3415.726322935933     447.6542901852283     
328.3194334839146     151.2392611453238     20.67148765341329     2894.6510774319718     50.56203701175144     
397.71174710649893     120.35090041934131     87.48065910345025     1726.3676332795771     353.0517139220233     
328.6577480590331     250.85247349181495     79.17815361251553     773.1952342462619     184.83798252252592     
