60.0
293.7592907742043     237.34966137417703     92.32665199024156     714.2679418499324     288.79678335558924     
371.45840652237746     168.11369212289534     78.2390456194793     3323.0094458879958     308.59724262764234     
145.84730930119738     224.32659780761279     90.93659426498799     2016.5014807864711     271.92951394994384     
389.9259730583122     384.8157648281501     47.23960465035729     2272.071434084392     236.52808283738136     
311.4562050181198     330.7125098773799     4.594440271208134     3271.097603578185     24.325836759445224     
217.79829123865625     182.93692482071924     17.065753374203396     2079.9794074691154     40.85487520830242     
396.24259523091916     346.0649010311589     61.32300202240686     3643.162877047009     139.655242002615     
317.25988428570633     271.1089395102507     96.35185520375651     2890.603841795873     289.1193246959267     
212.96871536480447     219.18975870476586     45.437486256870876     1323.8843909647987     178.26460062160703     
216.17373536500347     203.76034773537037     65.06478625034121     955.0725527543582     221.80689952441145     
211.20455078459793     376.2316929463258     34.62789572385311     2589.753380613481     121.59333902880343     
204.57528979891066     219.877706786359     85.31808019416953     2712.879557551626     59.69448547980636     
118.2458676486675     232.24641177039754     56.53349354018435     3933.0530285995424     436.28134630113306     
237.0409724148603     365.421557620271     76.51291349626528     3536.762352233861     406.92264781151584     
314.07773318809325     387.1505637368468     59.91797173883108     3779.8073526272783     4.3268425535748065     
175.04445490572914     261.30939793584906     3.585339477319238     2791.3832648861808     226.39668979197484     
342.33414472817987     154.45548294521484     51.621387946241605     2986.5582921186497     439.2468095266084     
325.2199903794404     291.7454203641402     90.9731854397277     1472.1656244057663     127.73179528349414     
211.65918996355362     163.1207643640346     14.277470777163803     931.0837075097988     261.9448531236156     
126.10534615453813     368.8972988848933     59.23955182741467     2965.2466968557333     202.97552037451766     
301.550252225323     307.31577373041716     25.034350958334862     650.4127155574386     66.39919416955064     
199.91824080436342     139.9433871908269     51.82545153107463     1683.1757953304873     212.264322641893     
273.4838733296761     227.39614993209713     96.20683168117384     2846.5890326753442     352.84844687667635     
383.1472198998327     112.72615310416292     24.687179732497157     3100.4085445834144     48.90109430658856     
382.65090347895654     317.96718544132256     54.235487371923284     2414.3701167169575     317.3729270552471     
294.566318079853     343.9733058544639     67.95188910826388     1365.46333149604     205.57702974742256     
104.65976547626482     278.93619230454703     33.16099983855175     3081.66405889016     46.14685612831062     
329.5056451254836     377.549016130334     5.357935117272428     2616.387318134094     13.103634366863275     
162.74065918714714     104.80548752582945     47.9827141015294     3202.661780123154     370.6693268986249     
121.0573027974161     393.67294099741935     21.10744320650102     3247.4392248464146     442.56947401351283     
377.8745031120804     321.42099961570597     17.012185484978737     2763.425240940242     93.47211094406276     
292.0364847897138     398.6309862209207     24.63226660461475     1378.0822125728037     267.7916480046524     
341.38934874437564     201.69743123573585     51.22209889900377     831.6895086315325     148.6472686528308     
194.05569842185793     399.2735854360813     19.25899598336367     3081.8843344763254     105.79267728052395     
337.3635965618229     169.6592916913999     23.50700045410249     3486.8005252816733     66.54027968742491     
273.5498769333136     379.56571609947815     61.263737721602475     550.0595288267899     353.30190472157096     
142.036162474659     331.0716847462462     67.90655948218742     1455.469690173838     447.61198986253504     
398.99102100993105     275.5680425382727     9.555965372001152     2260.4268785743693     21.453549430031842     
306.67290250921826     268.0296347615298     54.69808332380964     1156.2252113147351     317.2874204046977     
282.2720868342043     189.3761444448718     84.25787276141502     701.7011967962632     19.434176086055913     
357.23781260418014     121.6098727599813     3.659479224841433     3545.382299964368     204.08022254650342     
332.17538208573797     136.55022880254927     93.5989747580404     3780.4057084086685     351.3183484920122     
222.96649321818666     251.98238460714825     66.86549875771247     1883.759620725949     41.90831948037669     
214.26480650299845     391.19122403691995     4.485404840923357     3314.3831704098725     273.2240484664261     
251.67385069646468     248.58661314002154     61.550437904358326     903.416298099758     236.79964433044063     
183.18363389251078     119.76163606993342     32.30214343276929     3554.887766261953     406.71807145783265     
183.4234347044394     226.89103464429505     10.603259861012603     3592.968009188423     150.62626289390084     
397.36817849509174     131.64612508482907     2.2492982900869984     2376.521743180207     135.60681617146167     
298.05246890469516     154.10630845142379     46.22295613798039     1707.6143284968305     12.600912657004699     
268.20886431373094     259.8728821410549     87.89838703333241     2239.7146963152372     127.35912590554102     
223.9355441050057     328.67887407106423     14.531636148752003     813.3440700815178     477.5218330201786     
204.74552630575295     318.883598927574     95.59130076287812     2958.8661977831475     325.92558777528086     
104.16571985315262     380.55895726025074     44.21173273720874     3634.8066986023987     40.66026883515434     
358.55515085709317     103.19642835539418     26.516128048758624     3856.4309869146     28.14219985146758     
356.8606625254474     367.65811331374425     89.505876725349     782.3962073048349     49.24891236384451     
192.49457292262994     337.6398467205719     85.31521516863494     3040.836719997086     441.73681032374384     
394.3235779750582     223.5662810563494     51.509601376087424     1198.9855470386415     124.25100360599976     
180.75388920218495     398.86969994920224     96.25962472949779     1016.8059569445516     157.69265783620745     
273.0043521796089     140.90572668243118     16.227325673910066     3401.700681964591     107.96604114336225     
309.0515184513579     292.37858548110404     49.52044549797695     1408.9977361082497     269.86625939665237     
335.2515890037606     280.5137866308263     13.292011425963079     3583.808434794143     443.56175735275514     
193.98899114154477     118.36569283661835     2.854100446457475     2503.3873559490485     128.80542770196706     
363.29557399751627     129.2617648747883     5.822884923698169     819.309872235646     0.31123949832203834     
264.25116072834993     233.79263004192106     62.88082926158548     3670.9247713339855     77.16860776790963     
345.2674744841743     137.46352679447187     25.179541110028858     3434.729649013729     211.6598304774124     
276.5907470088383     242.78103754170544     27.670730952746048     2831.134572037171     37.5075704836741     
137.79010258311317     272.672652114802     90.24409233913514     3933.846669275745     204.74839016977035     
132.91796656596742     110.2224853915537     83.97013332851665     1821.7680443235297     13.943765670911091     
196.15748290327883     100.81662868610016     20.51658705047964     2810.1471439979427     174.17770090207688     
176.3070691815551     117.01973474229902     71.32544927720062     2707.6560231000685     179.94164504960537     
113.67829985557721     342.1138120564858     7.247124466673071     935.4457435480556     194.11331431672505     
301.74964020946925     393.647354203354     87.6269995141845     3866.7304341016747     31.463113592067884     
109.65364244281614     240.54375755098738     33.867044147333466     1271.7131959610206     335.8007250933677     
298.8852980263131     201.5334250855204     60.04946010353872     1023.933578743943     0.7730549816466237     
109.89180370770654     197.712442907761     93.25023045999916     3115.3970372060526     334.68773879399976     
349.01654900262304     259.8839148111815     18.668572386034587     3740.4741151329345     503.5586690400229     
264.7687792357458     369.12603521518827     87.2754190351024     3921.5927839750143     337.1343222815265     
226.19683883080683     255.69723959767768     21.65823699635109     3643.645609486743     79.32433991699605     
123.69677402856175     240.95330642896252     86.52530418749514     1089.9245710795014     79.62916543947449     
274.2370188835044     154.48416454981233     8.203405217931703     1174.1351283670222     50.72834786545178     
268.4762850577547     134.54806268456122     92.81452236035264     1568.9685585911234     42.02859557817004     
368.71110851666157     362.1931780643108     23.199685701303917     3317.306161894094     332.13976270949473     
374.3291597228073     233.9867915988226     72.9653668278573     3793.9791659769717     491.08479916639953     
269.50022768122585     149.55378645498396     24.36064749228093     1242.1703323074244     349.7106000720933     
100.3275220030928     156.75893169326758     2.538480995841297     1129.4729221344473     15.938709408368084     
267.57460872230877     248.94094776790402     63.241084541029565     2027.419144512778     359.18311298365035     
380.2705970019929     371.07047328278196     77.0799633837528     1608.2529787865894     37.817782829072144     
345.49524696161546     192.31806845380743     25.443953920726724     2074.677848594796     115.98118642407707     
221.57974461821073     184.96636120836524     65.18253798382257     2829.4956219271576     320.39884840866534     
268.87501826416917     184.15904489421357     28.258285634564484     2972.7005676864014     465.37195334428964     
190.18132384901307     146.06198382195564     11.905609738788414     3286.8170256682743     71.6737024937189     
293.566315514195     363.74290504381236     45.334949104357506     1646.1246101031784     3.1256991602929247     
241.26330374747906     197.95325457652683     67.79869875148916     3802.4459325326256     121.18829626869848     
296.8694958255471     111.05709431365608     54.719596006017134     1723.1523049301115     461.651462778037     
212.79958659982054     265.6427517650558     53.178561987680084     1453.8624815809862     306.7154908752578     
280.25133556610115     104.87384205813333     68.4124605047723     3148.5854916587923     439.5404515747394     
355.3471510642489     111.30526916364576     49.98897687405557     726.0652883961145     280.26737784575147     
354.03059453165554     251.45315942000468     86.21064087847323     1323.3787861968563     450.3108725564582     
188.28503759619883     110.58888052785511     95.40236446705029     2835.971489389754     177.35501916052078     
132.77222272068016     229.7865435598304     44.32018475510979     2726.6372190874104     315.4153207746143     
