60.0
251.78357075784464     237.67787316510675     29.49029988474544     615.9622216760962     191.13688779920858     
254.21997049220118     283.95677509249515     64.0483547914746     861.3175099854402     104.30337680737358     
187.120762814205     371.87534637593143     66.19567373404823     3992.8694093656063     19.606602143331145     
243.07681865741796     394.96321370156244     58.00896834297199     3609.558860343063     44.13125202057603     
140.21982742370764     123.46754438417354     18.67362867657877     505.61215368172776     146.47465325550377     
207.18656584402842     201.34230059397152     20.33785260483719     583.9708301229507     428.2283037913492     
352.02228870462784     364.65647983915886     54.857271313072445     1760.7727109182085     162.24580940129437     
301.4831352109887     365.8248501585166     49.7896547546687     2060.0364441960537     72.42873070809281     
191.03932990519695     180.49627798408073     91.48556294376603     2144.1337489665757     382.340687835162     
309.64727009414173     338.69757901963635     88.38591381447863     1443.4262682325693     415.7136730814595     
102.66413921795127     224.69324924066473     9.892647216614215     2617.843468469046     452.791562798086     
325.16862394790405     159.51116298201637     33.891664338594886     1082.0265769477787     239.3218231961568     
379.04371632116215     394.6148440657668     19.99418473335418     3171.6887724678245     355.41010270423243     
392.1914080403723     235.19220499692915     83.74218038690512     1290.860587866559     287.6668573914704     
385.7070859813388     240.1807924090633     57.340962361133364     3452.623803680791     389.37882757486733     
386.1239067527721     291.9363596515077     30.6517572502516     3973.9540209524334     272.643555830121     
274.1319094884723     126.74308542286408     58.00116784195465     2441.7147954159695     138.64190949684433     
224.24716042286286     227.97006701908242     22.525807125282505     2338.917155485986     327.96869086459424     
180.97503041398704     235.49655658997     74.1086928164965     1081.2440351863447     91.3009556968479     
222.43202076838622     148.33738621106363     97.38133711370617     1473.6988665300767     380.9233480145228     
104.14985255047728     388.7225082220284     0.5231697390573387     3929.505549389538     186.95782265613178     
197.26595383980862     369.7146971716755     52.388322308399694     2751.830992087565     73.74075419791205     
316.0974237060344     374.5165751037567     44.34858994526265     775.38938969601     235.08909797124613     
206.03774770484125     219.73476803193088     44.8166975672732     2687.2070738625644     160.41626558404022     
286.6996352309253     195.787376798567     6.02357275534251     678.7091975488496     232.58558117733503     
158.70435070937637     221.70623401061448     11.86475419251185     655.1205148733371     379.4061381698403     
176.98939453163416     271.371455484298     58.113199229732714     2450.82735687553     0.0453068609212437     
225.68062133213675     350.67452346479706     41.62098216804823     1539.473780274619     7.027270404858996     
113.23001851734377     249.1668776613432     18.397125260391356     2199.8519848159335     30.769983963617108     
138.4997078243024     342.65504013063037     4.651803575880109     961.7424507679716     122.87172121978648     
365.60692278114044     389.25425623287134     62.77184323488192     1367.858879286738     28.18221770595534     
183.47492871335658     256.1827273840057     36.10348400970943     2173.848518921397     447.70868497969     
241.6798659816685     211.99881061176734     14.088947005938957     1777.4770732814095     465.05469499803013     
353.7786627369821     268.1087134312096     33.261850791169735     2481.430039119544     106.66025860959621     
340.30116393648655     365.99791719695463     61.37136658243014     3010.976022855686     496.0227534061466     
146.10044001918337     276.3134561365167     40.04460437103005     2756.373028924647     142.40884356725962     
123.76992946065639     123.2784696390103     3.7333001509803565     3106.8421296707675     157.83794657472885     
193.45560538032157     396.6160046903169     35.036833984003835     2146.6348166254156     339.3202076681756     
204.85782201475013     385.1203396020054     1.437341480645371     3802.8010256268417     336.212726046084     
155.92308936069725     343.99501123455036     25.862437646124125     2219.49897695817     388.1501597504825     
259.7379375017906     247.9840570022559     37.32637397468983     2067.3498844686965     184.4054212192553     
272.1712151756057     267.0927668668735     2.6661667290271085     2852.0655512370927     130.94157897479266     
289.94392716938927     212.89073791724496     12.653857657298339     1967.050010836395     211.3995760271299     
293.5952732273913     146.0786929678875     85.32957208309217     1104.045699261222     13.314772892717428     
336.8858121896594     186.8131409495704     97.20129404838718     3247.9932186647657     173.14312375720573     
102.68897633976299     226.97191143171315     51.13799613710264     1865.268175071458     357.10582615261325     
395.19648054333106     145.70125221415523     32.42639150333664     1686.8068798140328     295.33035305167004     
191.79091875774637     258.5683958144484     85.64642211554202     829.6427344222969     206.71574087275707     
168.75746162976498     366.13257877398587     13.952457924049755     3570.0739912509307     511.13369613540493     
267.41091179631667     152.7309422353484     13.463310634433888     3023.0133739410853     190.09795822542236     
131.5737622422267     157.63347692470654     4.523683571498172     1707.8122566068012     96.62204465354824     
129.71096096740075     134.95876999186765     36.89998648181058     942.1656482864348     450.5320800144422     
309.0894281519022     197.78727741365705     6.9601728483078436     2504.312342764815     314.8390978708821     
373.0913339084093     193.27749651973295     8.54749136103148     3482.459507806386     116.709014479904     
221.85213355470887     105.58972526256571     47.810990192475835     1211.7631025638013     269.157412961336     
189.85032045214308     121.43367659343264     53.784645972130704     3651.8095165061177     238.6856555580552     
168.8762048296557     239.33110886097836     33.29550411350976     2953.193034993211     134.0728885606269     
348.120557174484     362.4348198215457     26.2441338431616     1147.1303563700515     38.456896914211825     
382.28758303663216     338.714688206652     69.52837231034609     2631.7893086929835     165.55944880071917     
132.24787308825208     364.3760381475866     53.934216244270004     3287.4558697473053     198.73814176710505     
115.96598667654764     198.03640265822725     26.53919815840028     2365.0008522878     113.9650637737376     
388.91865503081624     309.406108414271     16.91106561027548     2035.6996121436887     162.55394288061467     
220.4733552583787     170.0632234102433     40.63423310920711     601.3141928209037     286.6975314179108     
237.04655485480018     264.2143396934772     85.31219014166093     1651.8759735322212     467.88605378086345     
384.5520752269016     306.70618863456946     20.427316794196603     3563.4771527185003     224.12286226998395     
281.02195142970174     345.6081458857365     55.698668308379105     1806.3945626422408     24.449037455010796     
343.31129461409887     101.57584260882884     59.425614925321554     918.4250350276267     464.6784683315684     
183.67099096021155     215.08025814841815     15.82969148535346     3668.075487608474     150.13209624918642     
166.7492120708843     155.85653315138865     81.24028628464418     1116.3864036616103     296.69035741970754     
311.36322937213293     102.6514396391492     75.33575294899056     3891.534095501198     71.27269339592021     
374.7766126422081     348.4036836591076     3.963211684412171     3270.6728846262286     173.27555421436864     
174.28564339819667     252.0761496234743     49.708373202107715     1659.7212118040802     186.21093738838061     
200.14341754827132     195.2541728031058     17.480837365007673     1827.5099074458756     347.5101967225716     
251.0394239565673     339.5058469070982     25.33842959317886     3235.2876738241534     332.0129782896898     
335.7922912920192     185.48027614171292     13.770474308761383     1999.8875521851996     468.2486836729371     
170.4269833809834     107.15031601372387     57.078115299116696     608.1030622658857     440.34740573304356     
303.77806182359     318.08764780376305     95.64031267565751     619.6917936233716     115.09043183587693     
322.52862907187097     107.02731628762044     20.352520913002092     2963.1930598453396     204.75062562391867     
338.04118291347345     337.9680273950208     46.84255489121378     893.1385503100882     248.50875417657198     
194.80843598660212     250.65213494252373     15.897064593052013     2774.4712346978768     184.42543251623448     
150.48820095012454     113.218067539648     66.7316620609912     1681.541015565024     156.57972702893449     
171.86110628543798     315.0331548922499     85.75023425899376     2444.293594231859     47.78127514466303     
389.93047482989647     357.81255482672117     29.192285043521537     3864.3888306174645     445.57941553563677     
155.27764976699453     268.58853025452015     68.50417711713988     2669.8502734106182     48.645703768020326     
395.8193707684677     214.99871756183575     99.7713930240856     1777.2492682769173     340.4539197815514     
144.66714243585295     130.99984107290726     94.63701717125572     3135.9548340703814     333.95308144310775     
306.18496344961545     371.11874490963197     50.97673439065941     3441.6826266564753     57.30929448936956     
174.76074888632385     195.42723105933794     88.96210987525184     1494.5665469631772     284.25023224806114     
212.9662566832614     196.07053829838952     25.52161898812635     3067.7152080412943     260.11724559790366     
315.31733473684835     270.21934351689754     17.08460533985149     3327.49719232947     416.04777150431244     
352.68235563752313     245.41765205456363     65.68938213911251     3196.875868667946     282.28781143680845     
259.7590601055398     388.9917635407048     41.82095081794115     1856.7417775746449     480.3919184001702     
209.24086258284922     336.3335895444817     16.557281537404368     1661.770885016326     265.121057538791     
340.5390337315513     314.8862807271555     69.69145634520346     2421.7257874729507     71.53327043288942     
345.1554046883462     312.1239869280113     16.96924358120745     1648.9606152619676     407.91785527418807     
310.56890532573215     397.5670461288727     88.03094759766182     812.8864580816964     509.72732065180776     
122.52910363983939     360.9625411271428     68.10250720514821     2408.786010662162     411.2035531280787     
302.93560147294704     124.10038823166619     61.481950233535045     3213.267797530489     387.5160819013673     
154.27249258046612     387.5892908420577     51.26978044706614     1237.9533842637993     69.59814400685747     
168.87585637161416     229.78392383397966     59.45502529349932     1054.4934527984083     389.810604304356     
