60.0
255.51519986601542     300.4532721635974     66.18719540159739     2508.447103607664     349.5215141266672     
281.82908724929945     235.29530826047218     4.537767060800424     1142.542242202567     240.11140496003839     
299.1093187847847     273.2044650197661     57.86921975219137     668.3714520037659     328.4715961193251     
250.0924814345775     386.02968388281     55.640399348422655     2667.5371293851695     123.42611116865936     
145.26108658728415     246.28311710860905     90.16437067519324     3664.0013017581464     82.59247660840197     
293.1784957593584     278.23687651007606     83.64931807677704     1210.0803226510734     278.46051557431815     
316.1621701842696     182.12295719574695     32.19076075433376     1188.5121283771555     190.82814581706293     
121.96742272432208     376.3561287682357     53.56508464481239     965.5230460900133     253.63342003735875     
245.3098565969935     291.523609542895     38.620283512876654     3876.2293797098346     464.1086342020423     
169.80332213205665     188.30166061123472     75.37026841766804     1421.480453522502     451.8956426129311     
144.03206957432187     272.19825998645297     55.66314362110067     2893.2052673159524     264.8872041666637     
137.95444288007934     387.2800406051209     25.5532251963002     1065.645324071324     394.1877407812883     
201.0118169151402     193.94468816887235     86.90341025501925     2586.671226590946     213.84446453017193     
137.88533870606898     264.7339742838834     36.99797079147377     3021.9181516159365     371.8269515246508     
302.3211225130616     394.816624452909     57.04938255308465     3338.7829910470327     424.9211824791037     
190.52347820884177     351.9184866731602     91.63819208007003     2338.9930734110317     282.66965977791403     
329.0497438127171     270.3642205091252     61.552963914981106     2808.1587800429147     63.81220120051637     
344.2212698992805     292.73357828992914     30.391591781036865     1678.7162992104143     382.88199530578754     
150.1007654087471     335.825885674742     47.297608762717346     1793.8268911245605     351.1808806521527     
157.68262114486578     125.23745678435664     41.98277048718907     663.0803328541931     388.5438709469384     
319.2608647219448     283.44263027131433     36.59572357690768     3242.511253493524     262.6367227352902     
110.47264038594746     200.44452265069623     90.80152081651796     2325.6533814016097     189.61038238952727     
234.31137953460686     131.62517253200065     6.327897624770939     3812.304287745375     69.45812122142581     
174.02759282988364     312.21013590023824     61.21361828355136     3998.5093160827932     353.4598231414417     
308.73921243719985     355.76201446324717     34.26419753575461     3797.740102689426     9.638074949229917     
270.934789134006     394.79332190151706     6.840845778035476     2283.210897704318     244.86864248779614     
366.4831752978656     161.68316150618546     63.811063355498575     905.576584774929     270.58257469151624     
163.70256782840036     189.58121148504028     6.1661399689105     3823.932411365063     118.27153288127897     
330.99857298468123     120.29323769133794     50.3173673721079     2913.133226391867     107.19955196687278     
238.7685243794644     349.9037776560052     6.120970044783059     2203.1460108906667     187.08834030079606     
161.5645110316331     257.20341692944294     90.65384765319547     3856.1730062811716     260.6807462386957     
253.01819923328446     214.2518780676957     31.610724875693762     1532.1409794518697     12.229841452956464     
372.95659238540674     114.30348521251281     2.367999497258655     2318.852148690734     416.49960985367534     
202.96160223024563     190.8590440645902     7.5774131356925345     537.6303583402133     418.13065155542705     
176.06153379531168     274.5422639132189     78.94019827398805     3770.4208356659124     161.52524823034634     
298.73466062015723     378.7804006044933     70.34767844326957     3065.405373575791     52.30006892321802     
324.35615827598167     318.58124455962775     68.46804855524316     2621.8112730183384     318.1856274137965     
312.48694082157687     256.4990521268264     83.64065694053373     3306.9265583095057     477.9305021454044     
357.98614976928496     337.74617756114     89.73837101866458     1818.09921857197     172.80265094982673     
333.154038146896     163.8487411750549     51.49955320871113     2915.3528460226244     193.0583703911148     
177.97060364932412     135.55465762494595     42.676441091498894     921.6199982061685     68.06772156565069     
355.19833289100313     337.7347954616142     73.16088484362253     935.1793045581483     348.63333780452905     
368.2771559088738     157.21252250844722     90.46884110418343     3255.2291866714363     428.6277827267017     
139.1782002336741     348.77626363190905     83.89608098115218     2131.7196997718193     232.11977380317614     
234.5447482953326     188.45359761971085     84.4311187412934     2019.2561275925739     50.41069927581066     
286.9537691706156     372.5286818429081     99.37431228170287     2341.3792572393304     81.42772267362437     
352.4025407814015     180.9891083604946     86.43810932845189     2770.942570805783     293.13278993614574     
127.37503971567453     374.26676947759756     40.13817082639301     2175.2254791881087     240.55110221097095     
283.9043256814588     209.1148468455566     79.26990607605833     3186.8995583213796     395.9022573349752     
211.28079219499426     235.23324892469475     76.2027435001489     2811.9115550907213     143.7768864807719     
131.76870863773578     231.61484155698852     74.67865981659578     2941.06530696979     420.4591174629031     
392.8575989651873     106.55585436286833     51.24401883433496     2312.614943871837     24.221886708867714     
273.0216797350717     264.35424002230764     59.79240314082561     1419.993299128315     399.87560322619333     
151.59731912649934     186.3984300813113     30.806891268107673     1442.3331086964292     449.25228072550766     
147.3554567250881     124.66531894300363     12.395493465312214     2109.629714483155     488.9802355823571     
382.4173964490434     128.98089176366022     61.721603131729275     1786.5788939986485     494.5463714394738     
233.05620430822358     250.02852560337055     57.727777518199176     592.1086419928251     496.86458185989386     
396.57579143855696     249.45062609786356     30.567881964967892     1119.1277327528637     124.67228631088312     
222.6636108253798     355.3041442607797     97.10479914704389     1854.9772841455724     144.08370916171327     
301.86498294862304     185.72641633752306     0.478401160385189     2199.8088790781885     455.5697608480858     
120.49348933377144     257.98421789056476     70.57099330964056     1979.5804205306483     276.0694592082814     
234.68760457604105     352.8147105809707     78.55031673374647     1617.1681402558625     401.7493316912333     
219.6048777903728     276.1522065216955     0.960504823206143     829.4377951087126     172.34021860507647     
239.91733146020678     123.10321818590845     94.17045491878277     2930.858157475705     158.85189314096658     
232.48737535757957     294.03975718848244     29.472621519932364     3216.138276959099     510.8114373169449     
326.28898906458437     320.0931022280958     33.00411086921054     1915.469061949607     376.9483511462724     
239.3818642612466     173.6741580150614     87.79956565717568     690.7708266160939     98.38816034881279     
178.23366540675516     216.19990535453363     86.40939006932472     3949.7748497435646     454.1012985147484     
283.36496503196406     194.97150744446924     48.915124660837584     2877.8967797537543     127.55414490320067     
290.80882020487627     206.834041383863     13.59128496512435     3282.548460710386     451.7597595926173     
270.6988000065406     181.0428056165532     68.09707035680007     2569.6286589534616     316.36144200831757     
197.33776728133574     333.1010856228901     28.687358090200142     2623.6411672553354     272.0129248915756     
277.98473282438715     159.17350974478111     23.18104032732635     1586.0799383427602     88.5700237174924     
212.6730074166517     170.2141043356558     79.77777016327067     2553.3158467461117     422.09021860954874     
209.81170054810474     143.0789761439073     14.307309111675847     1040.2500172457449     68.18911758085278     
275.1766945060736     375.096963949631     76.94630773488684     2496.194846669181     460.26264238968304     
388.24358055926837     269.23491241650015     9.716279391337446     2248.7410722634972     314.8300100431608     
292.54926377850177     117.62803583864043     5.209204043698024     2811.889852394198     317.9741052815762     
370.9695905485022     173.37612962153975     66.97720574035347     2881.417199650078     37.59455310114288     
108.95246822470307     339.4143380676411     61.4093673531187     2591.6276708405744     222.11151226897874     
231.50910792962756     345.1282982816841     5.214293194050734     3343.501908309759     312.19435445700117     
190.32036462813278     111.72187889882073     25.893561745411553     2909.101742085934     283.308915455358     
271.71642489932105     315.10569862879623     10.553591557235563     1531.4096462015555     409.1224815305555     
171.62508734219307     380.97979242606357     96.60855233398196     1530.4488610238711     379.57314623255553     
364.1087362472283     124.02649883721357     76.59460518348399     2470.9705064601194     508.4828912047626     
222.89323878514188     212.82338122132046     9.642458682697386     2879.671846810319     181.81782136327195     
115.3161980054357     335.26077377440726     86.96600342273985     3054.2593655845094     42.02201107218565     
342.12186380886385     101.5810703775009     63.48441413782714     654.968444318414     439.5970899229546     
239.23794442863925     116.96439181943408     56.021815034117054     2283.0097524302596     149.5028599071362     
193.5253702126834     315.01668395387736     79.47674591866696     2882.151449459745     251.94223739224628     
102.23187938094529     347.2326432164462     44.851807386462816     2645.064833071757     265.3137515752431     
222.7998933136406     368.5231877981874     25.999635480168582     2943.4994161819764     478.2215203289879     
336.7551942169738     143.63675822545127     46.70882535149378     3811.4156584523535     474.61228263045956     
139.79920055949762     279.27611349406095     24.581066261007745     2764.70387716047     497.86782407141897     
184.13163397988518     268.6262424170365     92.70064916461234     1209.4432759231688     272.86907835366424     
179.09502563711968     160.48137776126623     40.899988960712065     2745.7949705952938     478.1482620651848     
352.31178511552326     194.57212818378366     14.470773702121464     690.8246115715635     156.89722143751573     
394.6996123673324     386.11703762479505     48.8958045629465     1761.652245530624     372.38686495564036     
127.31379276891695     380.1073645998584     35.23034502675119     1356.3998540609837     89.82974905922146     
104.5526470018475     255.73327346655546     81.07250783363595     1297.530711357092     127.69330836367482     
