60.0
168.37796461072594     101.48310947779039     16.22941908263972     826.0319877432191     47.1084846785015     
340.2217384913496     245.00629347551535     20.956941840820864     2281.219833952324     200.41938678879768     
125.24549368491208     389.5134708290783     50.26575876676429     1112.2735223766017     486.0235491187856     
256.4147612996668     113.31113794441569     63.498989678833475     1901.317663208379     355.77218437955736     
341.0420626559935     174.97834658984618     31.492630944734167     3482.3071165791857     101.92875262693371     
323.6661809966056     371.4947061090816     79.14278228769601     1444.4563633260132     215.39979734517044     
394.3504992482875     188.8174526018551     7.661324939759718     1844.135849858131     365.25818816992546     
301.0648565221337     273.9364283687381     93.23682444583076     2314.0794973952534     500.6361570479675     
157.64172070873423     392.0703171398361     85.27847594248115     3617.836474379347     254.8756561080266     
205.40184870754817     212.03782682375362     2.4764349182398115     3823.3333716789216     84.14827925687098     
140.2599392691525     216.8376011221494     70.86932269037824     2911.248561432739     121.1333798724765     
134.60216117924293     152.97924618120032     31.229217323564274     2680.16047594986     475.90243181105865     
154.07330118150998     388.74787126419926     50.67358261280898     3824.516547811232     113.91489649293186     
364.4399264786813     181.99666885822086     24.225741733193306     2892.938183949743     117.40530704999708     
264.93887537887815     172.63162910371872     37.09471977470377     3757.334256967456     279.0491705045947     
274.3370963799603     205.2655503937215     37.83009422188509     2912.4612687121526     40.471961353197514     
272.05943994471704     128.2407695664092     6.607503899316813     2814.8613175491596     203.25092968385053     
164.44934796144094     136.42506989795714     74.64912201806439     3148.151172846449     366.9301270708192     
298.09778714320373     162.57227585461368     38.76864125394241     2682.738766361671     100.41613883829018     
210.47270254077324     161.82040939076995     5.318112795456809     1566.8339605271794     300.9853357713988     
303.9788137602417     353.5456514394391     75.50636312573008     3847.627016687448     401.1811616006166     
307.9214981211535     350.1623617656888     23.730133735078095     3701.570305716243     76.94162040382577     
240.50762399483116     316.2691225230841     97.83451087991548     2667.3549228581055     233.64086594865876     
363.2327108027088     307.421338731843     44.8855664124363     1764.5649554956713     376.0998513561131     
114.55467184414437     268.6716322352368     40.20533489365469     3020.189505729574     410.51341581737523     
285.0792330201609     391.7419513908847     30.36890711371204     3144.301776539436     286.43861123238594     
179.33818343226113     144.57514691879035     65.35536680030434     2522.906080405702     427.33833110397416     
291.80032590408314     233.7775670132553     87.96532639267294     3493.3472693017225     303.62247712718073     
328.437250490372     226.97156058843302     21.995551294284944     2875.2282989506252     247.99923716254602     
316.89255856597333     291.33243692229394     57.17651451809369     2023.7896343564553     54.47758221377626     
202.20128659571924     145.92510177040177     29.147994251917552     1747.6830749232386     28.47461012877659     
136.9983563895351     113.22962371465036     49.76260827894365     2064.4986924748464     128.8269944145706     
247.22673963382104     278.6556175463113     32.24746109403692     850.8178091170131     247.73662235895955     
349.66850722624963     254.00223000220038     47.616119826468136     3714.241641799615     404.98613941085733     
247.02952436309144     114.4204813087384     73.02846060552206     3436.8076293327003     232.64285236455078     
261.18407681769213     249.87529851395917     73.26856263743309     3511.5057669547946     328.783248700184     
280.87038241532287     125.18911690223318     6.2440644026543035     1856.440596756358     125.99501100485782     
138.66333025224048     117.54773205933454     90.45727457905635     923.4721980267961     160.1902505346926     
132.24550399422682     322.1190352048641     87.7576151402889     2502.9503513849995     170.1756196782025     
302.2504059389053     123.91495888448111     83.06780917790799     1519.1725270861061     344.0268323578216     
346.62871386708883     145.7571754512805     89.67384544287971     682.7331372287049     371.4158333617903     
160.02069380875236     398.9494330893291     15.357491754468121     2595.11884198189     64.2332535271708     
215.87577501925114     338.9047227746936     65.90387990037377     3286.1627845119356     12.296828123635919     
283.9177674032943     350.770671930141     29.912211302014168     3073.727253405118     453.39713174084335     
203.9430942292605     100.33402615069093     75.67464482435014     3549.9408492502603     221.04162713853447     
114.06981765731916     115.21946344589298     72.85782590982649     3527.201882097305     39.065065696898046     
233.33783728659736     116.10679468514408     60.59472301064398     877.0874202716122     150.01638126477354     
321.66914326847575     329.1704290877068     99.31833414264436     2422.190699143849     164.37201000303776     
355.5479478703362     275.12563947007345     83.38611143793749     1369.1032681397846     87.1268862971749     
328.6231712282728     202.97839194269466     52.17684706354982     636.8809231273917     407.1793603187888     
161.57782491861207     394.70501024354905     51.50696244558554     645.2922253541027     102.97055869482404     
132.72358885763236     151.90058490404613     90.35619788268232     2624.13099432142     291.72722213583484     
254.05818798947772     119.25932217676097     27.659787002987645     3730.907497721665     288.1838186537957     
238.39367514687464     396.54820354788524     80.9100853100038     1457.0268153358002     84.27717448293748     
252.06073359588808     305.50050014709734     40.45008356072507     1553.827636694348     395.91133919528534     
299.3616818568115     299.3160493655341     44.33207003297751     970.6334112803847     153.848558427635     
109.02381335973553     226.57479503376376     53.89225126474948     1249.9409920777646     166.21605044308944     
206.00687852005427     156.67275135707104     32.08964240408061     1652.8621963255082     401.4347453376566     
166.81419605884264     107.05021968902795     93.52557746128036     1352.3397290652938     317.04780535207925     
147.70914827689427     128.95986327701388     17.228221833880987     2833.882994030855     340.5250531096133     
292.08050039774037     143.2266105202504     1.8882433544552213     3676.743615116694     156.59345993905322     
261.31406555583703     271.1759926221275     36.03134210105754     3096.4361023530273     168.85401200309724     
140.30109807879512     357.455562427334     57.0992249720144     2174.1732812813925     84.94269446747421     
388.75296276663505     114.78017003265889     44.54772157557374     2596.211714014466     34.551231937720615     
187.336734782565     330.5380923410953     18.22695451505186     3146.6007251344577     261.5212451327822     
168.81765808478997     274.94278758488224     56.99445731772196     1333.0849126102648     49.773718299991515     
375.3455677155744     338.2638156208362     0.7022149016932544     917.8843516134215     155.16725815690523     
124.90726123519578     276.4445577806681     42.62247972194992     2189.782053897893     381.9665799816245     
230.5245825204198     183.1527116779822     57.79623162829881     1562.4374361130047     334.5563680565529     
288.0008333881459     259.5559926507964     47.90166151100982     2117.2936782292873     417.61918469168717     
363.6608811602198     142.7841864738263     81.48078237853625     1570.4320762633902     26.41756492366045     
353.8641794861805     273.13828657026306     26.477949425043512     2457.281228508748     254.2602734206697     
223.7031584968596     395.0090310173768     1.9757152329654581     1909.4677571293014     164.12447224664425     
268.2086296642095     162.74801292602115     40.21458286422338     2585.5082604343165     13.96916686009655     
100.72747163686533     107.03785759420046     81.94309901199127     828.0544840907864     166.2953407025915     
301.75788631048374     216.99480895321045     1.008008083083256     520.0721110599617     330.3694843652569     
102.44042886327868     280.0210597394577     73.39145173750396     1771.419545613297     244.49041553175613     
218.45842939942423     144.5240752578514     60.532926197485615     1070.4612239535822     477.417531906737     
240.84291673374616     299.3547859569371     45.50591997043016     2991.435078758143     497.4564147447014     
189.8380320870012     288.9435378483734     99.4987068234704     613.1982004902403     34.7992132904659     
269.41062910449665     290.5760125239191     45.230811328303645     962.1986417664953     447.13552234337504     
213.16301270781673     170.3887825757895     90.58281633773076     1045.4596081888903     317.9082332125416     
111.11547216201826     394.29765578027826     22.722476551559257     2154.250796445481     33.33015034163884     
282.89155757634103     214.2716425857248     1.449775182298596     1416.4628189682808     332.6917511082937     
392.2315605500857     135.06735630583805     26.79806365175613     1502.7762573235013     449.994782209629     
337.2299752704863     332.55662907821943     2.982678354118451     2717.84642313217     15.621474404944138     
272.9965879302649     238.13664965313075     45.07700887006861     1668.5433087478373     425.11258713630787     
383.570218684512     276.5833784758644     60.17785432251364     3277.50201769513     39.17413311639933     
394.1274280023527     375.66103337969986     56.307288021777836     3660.87224119409     218.50691655169175     
338.3567394588182     147.35146021662678     11.52260011694619     868.4826880468697     411.98929522747227     
286.64729443190106     166.51632488635494     62.86018871738993     1256.5898917667496     354.23679976288224     
224.57371242889775     217.10208147273084     9.84563634155764     3886.3456639354094     132.81138162924043     
243.6398310566967     289.3486767339625     46.85072467760821     2430.6790921985294     4.930618243242179     
340.57076431985524     371.19907433379785     71.6658268701648     1658.6095677558799     232.91866068893074     
397.0074690211206     360.24926814644255     18.893642433474156     2947.0542373732947     341.023271877769     
170.30647495747002     281.39675573178323     1.3462382030043907     921.4097965516422     3.49398769966632     
374.12118563027303     399.0716291373163     12.047102691380774     3161.4118367307874     72.88005588057302     
281.17022008626304     178.69132444761755     54.57861177356644     2796.8366481337584     448.8001992199248     
220.8861772208665     222.33869693870238     80.75066746618448     2743.1758656362167     368.7138097112203     
271.1693042949429     137.62693353672194     36.88228426898473     2444.1876573690283     397.5874677927941     
