60.0
229.29074876203862     299.4879847080366     84.03390584354679     2606.999447044618     478.2813221825207     
326.77594807412834     377.9109906637043     30.43419070995358     1010.7652733307357     425.706630028307     
353.8235974300143     106.73253024453719     22.860889600918465     1577.5870470593923     258.1565364204033     
312.082311898905     178.0500756300804     28.862766939834493     1663.91338714259     46.648130424311944     
120.37927386614601     265.97974369818087     92.38066050551538     2312.2874966630143     506.7089462730991     
208.4057155797426     169.84446884250042     44.7636345880982     1139.5039837833542     379.2451282463505     
337.616619550373     210.2248262658701     35.65594966860974     1173.5495743604044     241.57430183279763     
109.99658981498382     389.59700522324067     16.38452926229933     3315.4546969538274     438.2015604453074     
389.24464707701935     164.72159422959453     78.72771739927387     3165.5273038778096     105.97053940738294     
262.596873125526     214.55804892267003     5.12310607865275     2051.014743585237     198.0634588396689     
289.8573558304331     284.4860646756165     65.64413690711199     3823.4295913339447     228.7691291035017     
208.5910627071229     154.7214220479362     56.6013491549866     2563.5350730354253     448.3836319180571     
291.58907897741585     194.068544353754     38.885304946813825     902.7495111986875     106.1893101307092     
309.3253869966439     388.3101332333671     44.72929190700923     1274.5613605833046     383.4542682742783     
256.279621229832     226.64881057993193     31.978250923437855     2885.6228135111264     244.88678992270223     
241.85946705085212     300.4750223032373     25.095721666469363     2519.3161029039647     84.75517485587403     
358.36921801180887     123.62283173508717     29.032132731803173     2982.658872617418     85.59336192535864     
254.36819951076433     115.41744832839143     18.61462830094768     3002.2874704739775     24.978180499156622     
299.6729991576932     208.75158821187293     7.058207722702392     3649.5804545401243     221.12977885686433     
101.67617053030776     222.3946498875999     16.148748938142642     782.3744004019302     174.73212606965376     
141.38476287995164     344.09668691234424     62.54285551042508     2824.4310782986036     219.06154037171524     
393.3227528425296     286.55674804865635     13.751315780718866     2311.095443693291     13.308659253495648     
138.6888530598709     252.0274788842626     11.646718078612473     2405.674962575944     447.9958140075177     
336.6501763434802     236.66857952922825     69.20233592215865     3108.6836566369698     511.6953121083871     
326.4626077725069     159.3884016158104     73.00329633797594     2709.1245383796427     498.02729953863235     
129.39444043868485     368.5467500772704     90.71721791398848     2957.085541773852     163.8605201042235     
332.6644808270088     339.4921732762116     99.34317688319952     1904.379892264091     422.6321456259596     
225.04213695120464     310.23773752386927     94.18661850197701     1232.2646683524197     345.7041854060101     
300.744802438944     365.16807396324674     26.595197601104502     623.6204366586804     365.88102370587376     
201.88491547648604     232.0109250506842     76.24269718423024     3586.7793644498597     250.46784154838855     
200.09659705384564     204.04768611825023     90.79482455633473     558.6305451301544     413.6961171053173     
297.53479446749054     150.26188514257368     66.07698638061021     3078.03839375946     491.33022577960753     
290.17825278418     315.20275851977567     9.708047040079904     909.5043307820332     279.511568831334     
326.12291762930676     273.2243124772279     22.559355805948943     2398.314533113078     186.87674920859058     
330.17273263351296     215.93898281327142     99.76248498875802     2381.415549982007     157.6127955463116     
269.1433355579924     151.47072013932615     7.189624120497862     784.5668292931744     147.62562305072925     
272.2690617833997     267.9595575729436     63.436292824413584     2147.1702740324763     326.1275817127007     
283.7627302812035     265.72482649741426     74.17878402986604     1834.1392107475035     200.31883761053217     
227.92149826613354     264.39694604684803     28.021464998749714     523.2079454129107     198.62011728673832     
307.423258079084     376.3845761006911     1.994013247375781     3745.896220010333     67.74271178934322     
217.50424559755834     131.7086816439601     85.54605317131404     2757.677425023418     274.99917649676536     
374.9340017817709     345.92180064916454     35.56134704270012     1794.4481616295077     167.93067533317503     
324.0698966732624     183.6720817841392     94.06647766904005     2380.7786117435267     483.49232698210125     
316.37945451897747     379.22933784949254     93.61534468072321     1781.6166935375632     418.2200921366792     
120.55836315360038     186.4071203237823     72.54623441924466     2341.508443167998     118.26072176576315     
250.66039823938846     314.9618892122445     14.092167800891042     3127.6934380558737     109.2852771255557     
280.59835867753554     313.40957525638765     1.702770900571171     2090.2424199014886     416.3321766231495     
352.10123865800324     379.5849995252201     93.71939419396821     553.5327428039925     498.4507018469462     
149.4924182972581     355.0771335853865     29.674691090038895     2794.3748982041766     221.41522178616157     
285.27290103591764     326.51485763689107     21.863426437448407     1280.9662919748066     394.8008432411044     
332.26135309605695     107.4373428655224     48.84387343319618     3792.8720792094277     365.3227131605552     
307.14424496844845     346.39714465891575     98.11684442758832     2465.9886023584545     353.3477989106562     
267.61734369113253     226.20242842135923     34.91090090886014     1745.5881293197672     30.68101631553236     
324.2274361304625     326.9190235537527     56.969162486721245     978.8884922080274     268.2927276805068     
222.9940395657916     213.5348223090944     24.199665432165098     3872.2726718977196     415.82904770446424     
206.05117090839997     266.94542619208255     39.193660256010276     3014.922367077277     390.72418583717644     
268.534101759082     391.84841141211285     4.5523739151702936     2354.257224120195     14.821412505952253     
152.79486036105007     120.27857759894786     50.35078507167607     2644.8631120098116     376.4339779281513     
324.1522989161688     339.62132912410163     40.02681121110003     1405.9435020013857     270.7409287851728     
344.14935348002166     348.70305224195084     23.168600298314914     3388.1222075476303     41.400558322570646     
210.07733356041228     363.7715460434088     72.44282266186963     1472.6987504724984     113.59780427569643     
175.52508453522017     146.63219673851512     57.688533957341356     983.1286152136986     476.3902618567239     
358.93646954490913     399.0489458520911     2.7267849036344716     3853.062899371323     33.44663472787681     
275.88441908975585     334.73607226833707     95.1984802090983     2565.9390823360045     34.55836482757161     
137.4793682296874     361.71641097816814     62.61587532494693     644.939202345836     383.48694348572815     
275.1956940375513     386.21487884885283     97.41614926917971     1704.0217348801982     91.39470118727013     
304.1258040979028     389.30596155845245     29.815078400554018     513.5142325900647     19.328823106668096     
317.4452102463724     105.38107802357321     48.49638116849954     3227.8586435079887     155.35304132920726     
350.03616178145717     134.40769062755868     5.918903249186968     3351.059927532505     205.80308210121382     
233.13891097001883     237.11219485864183     85.643080172552     1798.1953149950014     258.5283011899679     
396.4035062350856     204.43299648789127     81.64842002495074     3540.7317699568157     264.1730020724928     
171.30635228986938     290.40484238110093     44.89747665823146     3935.8655463705745     462.30300695135963     
288.89664181542696     174.42785344614686     25.10733966521046     835.3837787622272     264.86543058279403     
240.3994761669452     157.25841965237134     96.60052899637033     2048.253479054522     407.4715097369012     
336.0792543691036     111.82496827314053     89.28514444956964     1272.8762489049668     376.37920383785104     
107.56084288382573     126.68925143742123     43.70169309598489     3840.4342684891426     500.4702863023991     
106.3117972712393     323.229927794289     89.95060507298453     2768.120457548993     162.35171345315223     
211.1095543442896     214.75751998580256     83.18471663837799     608.3544442215219     159.4926877941785     
355.9186152193132     138.83832208152361     25.9670738652943     863.1607809664152     374.3675575527812     
348.53629299449005     166.69961881443055     43.14197453986963     2039.2574492270141     276.9481405445872     
118.76958493648907     131.96838221329202     24.066567167854014     3386.086279879755     88.4783276184142     
325.77528678915377     352.908143372476     26.252772406037174     1483.7970660095189     242.4389285161086     
107.06599745599236     213.74383153523803     88.94965517767784     3640.829687050525     89.06823553512288     
199.18437066880537     372.5845350081946     24.4714437641254     3212.477296142009     267.6715183212286     
247.90671582715362     247.63964760449272     28.502238918512646     1138.4836623711853     77.1478441120808     
182.85344182368945     348.0912412903017     43.53364440945929     1103.4474904545932     467.9950202759104     
207.700214831283     289.06152225402326     30.770269550081743     3319.353067160124     369.8865912211414     
246.1041613746189     219.71999874356368     52.432238566948584     761.2096325177322     75.06590801830669     
213.9281162758786     132.20745296552707     73.50419325494597     1728.4716915775175     326.70440105601654     
222.05488101085024     219.8311964534285     79.34853083175183     1398.0757002973724     451.9760293151714     
103.08905525379386     143.18527641652418     4.532976357528041     3587.831423232009     159.03400620658982     
212.806283817902     281.85060014172586     27.763432014872393     1388.555676542228     410.5501160415625     
366.47976867465957     194.94677672733087     99.47295870916251     2790.3817498832914     422.4375938146011     
302.24541311681446     142.86871409866603     14.79227814655577     2877.2635885409404     508.9192543268782     
198.11151855540237     308.4508471505162     66.40124110668704     2775.415505290901     453.6150091744761     
207.945688003915     177.69534230037578     7.424857847605859     2884.0719125085625     354.4087339179817     
217.5104213407089     325.1737529468547     60.7714244899328     3275.92606129907     163.47557156084503     
370.62316754778925     210.98613819658812     84.60929255679845     2636.5086537625334     494.7410948302915     
245.09386838320694     210.4220284474871     10.228420154047823     1166.728134123095     137.3614535075073     
136.74708156945312     125.97537461955261     6.358291086374335     3303.8217825512893     500.04987291935885     
