60.0
128.56802425413332     382.23210794636543     49.894489291525524     550.8297191715375     414.1297743978284     
371.4093052594822     328.25787026636425     57.987341592990546     3081.78948477374     322.22970485346104     
385.20222449115164     193.0519423488807     55.85981424867341     3738.510553960778     471.4865247574387     
211.99250137412488     370.95514537436935     84.7003356715847     1230.4268850203816     198.64544386157843     
196.08058586841753     246.73529748184782     22.386448042130613     2824.528295115623     262.9596842228066     
382.698762743688     199.0468844657564     49.108395093559444     1845.6420454225465     509.2075560152966     
339.68436237139196     196.74012643420627     84.46217650734754     1523.4925667534733     384.3440645222145     
299.8519707691911     236.50059803832025     71.47007674901307     2228.8697896692784     435.4175490594178     
308.03711846244744     295.30900789381997     12.252155277996014     2630.306202356832     29.4224530284219     
318.6375264834662     350.848545833034     60.214064192859816     1437.0052353142564     145.95264371676433     
164.5570615343558     274.7150357840917     55.41221808641718     2397.7373310125017     305.26715379270445     
365.40670383547274     213.38612239858412     1.2860780748268574     3204.6200416270976     173.89083478537776     
391.6170132416629     140.10792928193655     47.51387403658688     2218.707265786361     392.0561282068253     
252.20128273857264     241.78382152541354     21.7222255852484     855.8207372557247     213.92631559198395     
305.0412308754287     239.75145978804377     64.92889715493361     2170.9102121523265     194.67017080822797     
350.34507219280516     271.7453401823079     36.11737578721698     2013.993919455549     79.05385726408241     
345.6384555696813     277.26479419118107     54.41176317409692     740.9961634333472     442.0821680219546     
172.09845063721946     282.1670346174884     83.63972153949507     3521.5897499476573     129.14805763887142     
287.82910038370534     170.4824834648081     45.44798619846433     3230.432115458432     71.32461736107325     
248.28759535233664     208.4188432667682     59.83878979051573     2987.5748580383615     329.0919063590096     
272.9993226036635     148.10133678822325     85.19436637362081     2312.232429528475     60.12840803125886     
197.74806820335732     306.714245846861     96.09849115218167     1437.1553657294974     66.11879315613396     
338.12021400225524     218.4462422231067     77.57378858919584     1243.6450773008364     440.66341398630453     
118.29684436221427     307.0939915719771     71.15591161819205     1663.9098432528106     353.32326555864665     
218.30897394845033     234.20669521042194     64.91590133653395     1435.898161868633     470.6811507453214     
175.3877137520696     258.52982023727304     86.16064281727165     3337.8604787886024     67.3678247613837     
272.4705351904928     157.30558633987846     65.6314878964327     3209.2567569652056     284.25952371344863     
314.9224281139841     364.46328332992294     56.369872403995835     3580.7186590261863     291.7669330996853     
273.22022102622157     373.28232415456324     19.011029520349698     2445.583100275665     474.781821793848     
151.87841359029974     235.31974546755174     79.4062481509415     1450.2123642335785     445.263862097596     
292.415130690467     193.5125165779988     96.64738838817946     1246.7209365312692     476.24461784010623     
112.15841160726262     392.95733977087696     19.25550104658249     1314.8829073791521     114.23215942799635     
270.46659571675855     274.7417859382539     16.562221517835894     1175.3815946479976     291.9838694645364     
186.73798384340813     314.5889174057459     85.6184690372237     1927.0546053522626     193.23084630190857     
217.00830529083385     391.96654226609144     52.2913940631732     3935.5496223937034     114.93317920420287     
254.84277086537418     356.60458285000465     5.189662203978173     3210.044037132828     491.32071708528196     
330.48130576883494     265.51905907922503     15.444439499868734     1736.18268846231     93.08561709253922     
186.27440783343712     175.26325747737744     41.80631844068232     2953.493599376019     14.009244886491615     
239.98363377559986     313.86857475299985     21.14799950653108     3799.2682745376496     384.41785406223477     
136.55596992328208     326.9409521417482     69.65492197951288     1212.5701079980367     272.2322997218769     
251.72035554842807     307.3787239781893     24.926344005623413     2549.938306136848     143.6545483674006     
126.40542694631905     168.23588144178152     82.85626426544216     1929.4488243777307     111.10326943622869     
179.1701517353519     216.99915092357404     64.63919992000308     3670.8159914598664     231.40167015203156     
277.9779551626026     260.6387901993792     7.356944428403278     2952.9621485946736     266.76380802856403     
347.4332973999227     297.2361188232328     8.826801904155268     2678.271334555625     276.8586932076177     
272.8406309889731     157.77052954351853     90.27951314640671     3530.6912110704507     492.05485691926344     
302.1092556067067     131.0522958583695     24.004692840297203     1677.6558979695415     165.03260721697865     
263.9402438112709     399.6454823329658     77.4323084344633     3660.4523087539483     511.39313340265977     
227.62125629525292     191.5854797015982     37.96994824739507     3975.437055665724     156.62092103727383     
108.76686500691437     259.5036186718502     52.822750704640995     3830.6049409503316     222.68489540186323     
262.50067025262695     392.4334967743623     17.9518264283673     1945.7015880271217     446.00625762887705     
191.06224278020846     378.11819450382393     32.58668651434606     2683.6069459676637     241.8379749500192     
105.29299713418794     185.09909323081175     64.45164560232337     3698.679952406841     46.61141347416077     
241.01797510618744     338.9702465995213     59.13576149752308     3529.65520367367     489.94231777923073     
167.16441411319673     104.08284993745679     70.91970589999545     3841.3812312765494     465.70225449377494     
380.8880375523309     388.3124216793831     85.49165944122005     2309.1787267190984     108.98046611561341     
270.8757638076555     321.79991384212167     32.12469806462299     1921.4289933716161     199.09430221188342     
175.9244548956184     107.137853952502     32.2402376168315     3688.6642931432916     445.50184449760764     
212.63917496492067     276.4114524620329     30.35899273621997     2650.747948441304     426.61989482948877     
325.8425102883667     209.82798353709745     24.381678897266013     3725.262779239639     89.5480054154296     
227.7588410985576     324.92544661324797     57.72964480987326     916.5532657795584     128.1438262554662     
335.62848620912814     256.3648359476183     8.219774520534163     3195.495180137299     148.75074831627518     
284.3461941992456     205.34176668349102     78.01090336642476     1033.5144582573     121.87879292793912     
157.10277584084744     343.23721069832453     21.530997087509483     3862.99476895016     441.44127595508644     
115.44385892856425     198.69013741166427     15.242630070854013     3608.050326013219     278.24579653964247     
224.61490221051048     321.51019759549047     57.35192024581791     3512.612657432073     370.3055210434069     
399.43138051726     352.71991769344686     14.875933242657402     2388.2247948810927     82.05008293944496     
354.63334628324276     310.1162677763726     63.15365008791336     2473.585984861249     344.0996202946546     
164.64687618289247     281.61856499248063     32.28120726059237     2730.0691215275174     261.7999768545013     
154.54805833170792     326.6036924496441     44.828863306421376     3055.2386672570415     59.698851787322894     
196.9568098676383     213.02007911387213     2.3949239529589494     922.4942915084127     236.08376393135478     
160.1608717039504     186.87153310174844     67.2578613222959     2154.4261403847654     234.79483880647933     
330.9434674051493     116.96152287854639     61.803611929299194     3482.06941059757     125.53886168181515     
193.2198983209943     287.5445852221215     30.26413586378911     836.4377264057039     11.377732537404086     
136.04663423694558     178.2887052908921     73.32208836116     739.3380890578234     455.59795526284637     
203.76642210858455     329.49913713615354     47.0995304160915     2129.2931291741033     150.24373641033168     
340.1691084190028     250.92190290728666     24.85647106564266     2228.199811310651     496.37865073569634     
120.50389660303162     185.73084823143353     10.358540886515943     786.4679194468663     81.65318002450334     
353.9006357110981     350.6785572670557     84.85159515722918     3627.07170469367     78.29547947105391     
114.05085462970146     320.5367231515462     22.11773413582163     3913.3894969887324     345.43013155757876     
349.78316110621853     374.00717408110995     30.770510240478345     3657.625005153406     303.71802539951557     
350.6748144364718     106.3290440049326     17.39920914229438     1909.1001139485475     431.7421853652913     
161.27269480869626     198.69980840656856     73.7664401575802     3476.1093253931854     456.77362623673537     
150.4810337870032     127.9628292879352     75.59845724661842     553.9884814452205     376.0270138061663     
385.7760328979447     384.7900422844917     69.97330255294924     3800.564119558434     421.7001884324578     
116.2936496159765     248.07883975192527     97.69153861329283     3177.356632117405     218.54270875765843     
313.06964388256483     109.46787376112782     88.71029769541022     2841.1988100571543     425.49247303549737     
274.55202754114845     108.67008419208211     8.80103975217702     3431.9031125014385     169.30937456865308     
154.44498928787237     278.69880204845606     41.48268587127345     1882.202314716956     133.45399304736344     
104.07243279243022     159.08465940612635     8.574537301813102     2295.2413594995405     69.28207778439952     
286.1598270804583     354.7551014036761     18.140057123182462     1122.2227832312387     249.1677065375422     
263.8027139969786     116.38475878466862     44.89515358837804     637.8005405899321     138.94847368393755     
152.48527158221626     147.17360216498312     22.163944376947377     1693.414447486684     149.82967055105667     
187.72294702674378     334.98065584588375     90.34584447319483     2660.5284781629157     214.67961924338795     
125.28916871008894     363.5554771155274     4.0988768482353555     650.6597637182413     390.35318435905623     
269.49970847326927     185.5261184773413     92.7943141985364     3700.5689540026865     161.57794290899295     
207.3393712931799     214.61487455131007     7.9784527906674345     963.3944224075493     153.644819227774     
116.75862580404126     132.16354164384472     90.22350775212895     2056.5490781743483     125.76408501690389     
381.18616701677934     178.1492285126149     31.65650063242097     642.1392439179042     224.47923071496166     
324.95668887946033     358.49530037783387     90.83532282069409     2942.5016771831533     11.522615834836472     
