60.0
297.33317618333666     163.55870085675775     87.14186644272732     686.264217299789     270.49466109646585     
296.23559101323747     298.5950384640139     20.296333792805154     2731.3685026875078     140.42010777054946     
393.3151551357131     301.6253221610698     35.929087455202826     694.2199609613178     138.31353028737084     
149.45287017834562     268.02425043409534     73.33300223800188     3296.433539375435     325.49107937816956     
167.92112458846412     204.86703879739338     15.321090111793046     2688.9084673034395     507.1800492942204     
180.00121425723916     379.8560178675516     87.95725033389908     2324.150913434856     146.3814065972839     
233.42532913738765     190.15153148858542     58.87998441008989     2978.6243444217575     192.51972347194965     
210.41597193270698     173.2200949898192     40.49846080787509     3301.3585361052083     401.9385474062877     
385.56947617284     167.44022681452742     54.56317424073745     1379.6353326201295     365.7877956581721     
205.2703442087146     371.24359963455436     95.16161485408954     1147.2413061400734     280.33986024893255     
371.31327599983126     266.1440935958118     52.58477049916232     2544.3591268466607     449.12173486561727     
177.419763601983     188.9489235490575     51.06168387648861     3472.1729474524423     364.0131855780272     
390.7489677711071     361.89757856108724     37.414489566250396     1917.6099369902695     392.9101769249057     
220.81772480933034     332.1780158412394     52.058575824805686     1886.1658832518533     98.96568009647689     
220.63098263059538     110.55184883431671     88.97996745692949     3594.8571772079163     238.60966374729173     
197.57144550124704     173.7141559473775     91.40988513547838     1016.3744136343536     212.64625353959696     
317.3828741426821     242.30482735971327     24.74647847931546     2222.0702349535004     362.20570631640135     
219.85536938572227     203.8636178583128     29.30339409990519     3211.832533849262     441.2974206780441     
255.97397283364543     251.86083438418976     24.150618889439567     1916.8062187670798     502.434624626994     
210.66436566255948     316.67665340484075     54.40844476060356     2686.0548797081233     125.48855610603817     
229.40664280710385     368.7651616147266     34.49070690997708     765.9738522401817     422.7601735552979     
263.9584475824978     152.99218871467792     24.855084687887206     3612.849744910155     87.66516741659683     
324.3578859092413     282.4440301136394     82.7675971986699     1301.8323106991893     145.6318152538508     
115.75885299027723     156.78226573800438     41.484936685919536     1947.2075597150033     198.59752804982696     
240.3515901246187     229.2908216284367     31.379422552689974     3657.3757849492545     24.241139605255228     
117.86788499986041     201.9873807593961     41.60333261371159     3826.8819930736936     235.06732209475206     
132.21033584738845     223.10625508162775     22.568822201126217     2561.844558135566     85.33848255154754     
158.20854308355473     389.2470749178959     67.39574961594201     3367.6610666756656     501.49197747220364     
363.898940300151     297.4905382451204     32.98029821103945     1061.6828884399479     51.173974714484075     
302.85715882773115     332.65274157896096     5.063554697598449     1628.6558480103513     337.9541517950707     
112.61134404080826     350.00580258224505     76.79998491937901     1720.240897467208     9.785103959762978     
249.6536487750682     228.83071213310413     11.80677107422008     3586.480250687654     50.777669368835916     
387.393234976638     177.1193128865541     45.22422005943564     3087.756078401567     79.16772155642155     
260.23723959402946     108.1907649124662     34.07040726810466     2048.1491688343326     83.8711148211517     
319.9959638497346     208.5834220296444     88.2531330237506     2491.935607614194     214.83783150951643     
203.32670553054766     180.8714018000298     65.82351132458064     1692.0272043896055     184.0467894180395     
276.2223063063879     305.9242591812603     39.16015013636617     1127.5301427278628     330.41863119815207     
147.33561467067457     238.54120089415443     26.716441986230997     580.2884445195587     325.9152752945481     
263.888569515595     246.45378837706392     54.88906720064972     3242.8060465414264     317.670306019487     
333.7155543159713     224.47412035519676     41.23492923397537     3722.1071215178536     452.2545261828728     
304.76382641709466     359.48147263166675     19.831171422784788     2802.3948580753977     194.31978334555345     
265.9219125151065     315.84214917730833     38.72402831943885     2607.1467787816628     38.457806189067185     
179.4681583363802     101.41341480695321     4.00213788108802     3743.667858197637     79.643018634658     
133.2027024275664     137.53638894050482     45.48918640125081     1807.7297267940505     105.27575437095663     
269.2665334601234     210.85600839269262     17.951114913790235     2630.0306581019413     187.504719136547     
347.5642926839497     170.54805742924725     12.005056006464375     2585.179335527336     415.08569611506925     
140.8701488574258     281.79364015447186     99.48376845153429     1705.2745904269402     218.96827054443935     
198.74913153773858     190.46403646600314     76.29838904789878     2711.996373633745     17.845069100351964     
269.5770614415741     163.9285128037796     55.4711734631273     2282.7168898206587     4.153323364326184     
191.78768554520244     144.34410201111535     57.35433240791438     553.4496010371536     400.215829920698     
253.11000993955676     174.33604844254765     64.9635781871743     3799.099465712489     94.23901606053306     
139.01517919167355     304.4723854439186     56.27333257466955     3167.479541710243     443.5832118255673     
250.0414623477572     387.1188374193198     97.1611901321126     3862.328373335826     219.88801167276029     
371.16650019484496     343.4769575809455     7.039015825207695     3694.0935903288478     78.33457661697497     
110.37003545984345     209.59241649620697     74.45474696689422     1633.7937452437875     124.3994240781787     
246.51001773428996     111.28619993117054     10.11816549814063     989.190039531021     77.31308954756327     
365.20324919721196     329.9987609361108     1.9903671382194066     1968.3119724686294     381.08837754515446     
182.6212488459532     225.47745330742856     30.487812616493535     2023.437363479528     141.3159818121115     
382.12066648112994     206.54998050676653     21.602814765640687     2969.227931369115     355.235613048786     
270.43576273440885     363.84470134948384     84.66876302590461     1935.8352902247266     46.36842589056448     
383.08798376953234     107.92258921800087     30.37738356556564     3482.8830352577593     3.9524218178970045     
236.20015575392645     383.4809714775997     49.35008178807696     811.2245670618062     26.77171730996315     
384.15347691346415     306.75753340400564     28.734856225508953     2308.908077383305     30.96446191534619     
173.84118123047386     232.28592787655177     25.437565017259267     1709.5509941208143     80.09824407512087     
257.9072379812118     189.3160887922528     46.289997513577354     942.5058377378917     224.13249946831132     
331.5137247789522     325.4570495038799     96.88639397035908     2016.331539066129     508.88582838886373     
309.0832607441554     293.6766181912395     97.628562614571     3417.322637436326     301.99867290577043     
303.5244740183887     376.02778486616216     52.33145008957393     2823.642652526459     55.27025739961596     
394.9327588160973     316.65102861667077     76.7093857001911     1106.42177944869     126.27409062791446     
177.75162283328595     300.6401142346234     40.96850166986591     3890.1372776187613     335.68755832895374     
230.23224597462362     375.30670531747614     35.26844606123522     1261.410429877434     464.46632404578276     
142.823576031345     111.18090055808861     21.8382477769666     1329.107753694678     319.57629795436276     
393.0847560845026     235.39423672611542     55.134670666653676     3371.5631481887185     39.285541969787744     
165.8484244097824     202.30847393707162     29.90807803231753     1933.3854875856955     335.2152197300096     
354.0397983814156     187.33215666958017     9.829039362889214     874.8529850579196     391.5627937485425     
356.0067576342517     392.82155161350187     23.231261560750237     3573.8105128930015     335.9429887162781     
385.4459809271273     195.35688465990214     80.58816854182737     3018.6393161431515     307.66685533581574     
200.87597594072793     374.7896822953051     25.899988447155188     3598.9194655192027     97.52432931988994     
279.2465499133806     150.11318291895475     4.7226182822248886     2690.2814656426167     257.3134638598562     
268.4255971588143     303.8208309099151     32.22019092953825     773.1649350214059     130.8506145851278     
304.45647556036465     325.8812776053278     68.99209872360744     3906.5063539895755     161.7257355113253     
249.12724202766026     373.17525246898117     62.0572806220797     3511.0860412717025     423.9931117687004     
126.08237008192621     385.79214373315733     41.771617592633824     2477.748127820614     69.82511136642262     
258.9164121923669     185.96916377213287     36.98068911889286     2698.0342358696976     482.3634974812232     
376.9616303865957     370.18935099389495     59.822653499788025     3661.1312970038075     478.0089067341371     
247.61808492413473     166.70867286551226     95.83145316219863     3022.899987080721     163.8784967768906     
225.54292257095648     171.61075256886926     38.413582978176876     1667.9526542606284     355.6042365529131     
370.1356590268414     165.05328310581575     58.62370281372039     734.2900242943654     324.07490099671026     
304.579265577624     394.9786351296033     67.60744546163447     3631.5345995304297     29.77694604048162     
363.8700136640196     341.16583753909856     34.05300196104037     654.2281390662334     206.5756687736868     
207.57016946304384     172.2329981063029     48.31915353039085     3525.7212306316414     273.02040394837775     
268.5889254883772     109.33576380148374     10.919676598593886     1439.0728765560707     397.6696112464842     
107.01950742398392     168.98823392859742     35.11754382912694     1908.0453471709754     11.850660633064365     
280.84890435783365     241.77763156429535     72.89363162091517     2348.2934734182095     426.53447667404754     
197.55762809169477     157.44281581122573     9.901220404876131     3373.126133837469     449.4927014671832     
209.0623410233327     320.55510735243445     82.47158784554593     1511.2847717536388     311.30726740750924     
300.03390644028013     128.76905908210944     53.01544190676501     518.0274576507642     440.657202969592     
215.82126952896454     306.3497543210593     29.742936134154263     2049.7200593458692     198.28554232944742     
123.08154446353934     172.03473114896553     92.91606961625524     3842.393804205977     389.4775001365373     
377.9895228239098     288.1074449824537     78.53467111061595     3308.191854817933     189.5297438775783     
