60.0
308.132958346503     291.83373123444653     57.48134774957319     1092.5984847831178     40.78990771063917     
176.36565200979635     273.53547804479535     59.423992853237095     1728.9297787737062     330.3526602829579     
262.65477162111114     205.08203198689574     93.84648183903155     1372.4336760997362     494.0353080420636     
361.16778160206934     299.4198927034339     33.2245894110213     2204.2608633627806     490.96510798413266     
255.17742152058355     227.46216907656623     31.9928627834704     3895.5780434157846     465.77172698765224     
360.3731311084855     112.05277747636417     83.2544878153129     877.9643103808703     510.2104275152323     
267.80935073404044     253.3369892454577     90.83672771390442     2512.9303321334564     457.3379336271988     
281.7513257536966     130.77299288945642     45.45220951797377     2897.8105742556645     334.7329440254802     
322.62819704692026     119.15165321351374     30.93381507504881     1768.8543951722659     369.98727089112634     
182.1134947988011     333.9540614686441     43.99501134765944     3124.686527023779     189.67420637987516     
285.47590137469507     371.5956286347079     31.907056628656207     1783.3626521454314     153.37470857564693     
330.3936640286886     382.78175028366115     64.02492247360959     3598.742082018679     379.7259834938505     
248.6539013257227     382.4742260533403     97.94535474547284     1291.5909907007097     108.22296790399918     
141.39083223960887     158.9297986646327     13.305330401935656     2457.8174129486147     345.3076722310829     
376.1269484911196     177.21803493749314     95.9843640249658     2676.3478428366084     127.84805658406799     
341.6915373986031     116.373404168933     35.59876090265996     2852.1514609219425     193.25647570722322     
111.52925815537074     209.76165090097408     19.641925664654668     1093.2055076186516     194.4295543741551     
227.06606225794064     213.58757365702536     41.9870073037085     884.5966181430101     187.51433408862835     
376.44376047020836     143.35525309775474     74.5843007993723     631.944276196998     156.02233656287746     
108.92605240746965     347.49034246913357     51.593172573531575     1219.0612922146734     481.5476486370948     
393.1371586051436     284.24570953351747     30.654891258800788     3577.9849932510742     223.82404077587768     
335.13385761725755     237.81438171666014     38.902943216158526     3682.5745018478024     497.1438592942018     
119.66088660919759     198.52670427875398     73.52736775596074     2888.5165508711934     498.6364661120908     
302.38855753943614     216.66776137567803     50.12316212616388     1027.5841791802814     256.293528341489     
226.88865052290515     268.1970512227181     87.38503824060835     2472.0353084568915     65.28888310895206     
109.34252286123326     167.85580369653084     0.07632125520767863     1633.6476633773048     258.58731146579106     
166.0108524222759     242.90710690050878     91.52586437677904     1459.606555182907     496.52804707676466     
323.2238077540385     112.49962112433867     88.63845612681123     3822.7810126087275     2.43399975894755     
384.0374473611074     112.27628753284415     52.00757780822137     2669.9049501593654     488.02176551438964     
350.6914626270733     278.4576896036175     71.62674134955097     1425.0735939681272     314.9391790334291     
255.2043207436257     389.22982732420013     66.45276806460004     1147.5014013667833     500.17205634431303     
204.50636871114108     271.32856981528124     95.58575167818522     693.8502839566376     30.973390821390637     
192.50203266743267     297.6666846916146     30.714585412544192     3080.392155260697     470.8889308960297     
290.8717388911519     133.11512685643373     14.674107804890124     1589.2159168479725     179.30446476952426     
218.9554016825292     124.00691449899189     2.8577085064635632     2874.7943181615165     134.8370725768164     
293.43367977653674     253.13250624598047     76.69523800410568     3680.2310304340185     193.170579891413     
169.32021396169614     308.7879276167439     78.24631092074313     2565.086333346989     383.43526733723934     
395.32037659110813     355.04766385019764     15.438356182594026     1587.656520099624     0.8288916510767876     
214.5110020821304     244.43369971180988     32.673916327674256     2907.7144039599034     378.56248573060304     
342.5625868523599     318.09192444189284     59.40272493877961     1278.028578492119     12.928884595344755     
381.7478198205059     142.49633106346317     14.4541275515489     1129.114929534662     504.00425549998846     
154.03965504958032     391.96912183330124     49.48585941574005     3926.0725513012385     188.53045656006486     
259.9672167566091     157.88914792079112     15.064089951025784     2759.356911194518     510.65954831241265     
303.93388544018495     199.7090656967431     7.453925726232924     2684.8691161096767     342.7137048332222     
332.77474789532465     289.6569445136786     97.95434450666683     2761.35607224444     24.920917159150292     
132.68825550727007     305.04437099031384     65.42097643215557     3013.913378346295     68.51027624996038     
268.8551460004643     334.36074073000157     50.98190475550489     2197.1764114809794     232.9394132225865     
357.7224064810646     288.61159050563265     26.897524299704077     3334.8661270026178     432.82617036289844     
394.4684700833742     176.82873592191206     66.87347317572197     731.0496344412251     51.190856305532975     
292.681170186135     266.6247824658303     0.2938325550119303     2857.4249143608454     398.62097253716274     
195.05261341442258     277.4160102101947     73.27991174370432     3837.2105716280084     494.3714938078414     
116.71827596361851     306.3101113706949     14.458875994753505     985.8278047536533     80.36087679779337     
287.06674042412544     329.53435897219856     87.25199492410961     1729.2787761121035     247.66853495234653     
347.14134732438094     102.42822299313895     76.59314497415868     595.9533399225186     301.17082791815767     
309.5275198914209     126.5105282688084     74.07337257129821     3287.482196492443     82.37497466712125     
229.48779959864999     160.1907841830105     69.69627127208415     628.1621966944389     508.6757782190163     
323.1279220795428     314.19155281384246     45.86500328623821     3497.21477422166     346.14797671943177     
199.525883086931     161.77876808806906     58.91549765772262     2859.7254731872135     446.74147906672283     
137.74282036886865     222.46531912020893     47.57354884597738     1204.8840127409849     176.44687447270007     
258.4804309428781     229.91074899762057     3.3769757231974062     2789.1321331930008     508.7024627709663     
104.30920396566934     233.26372411147003     86.03460972625658     3008.3077278787223     448.3288372718318     
213.60562937944246     344.3453666297725     67.25015470118643     2942.4355909133087     234.6977739500333     
190.7522468619693     158.86448453063753     58.73287211897542     953.5789538560489     496.32957072527023     
134.6413679268665     241.12601437768072     26.170259136053474     3907.1905197140813     5.924873674394462     
273.4795413796056     287.5425309115147     12.450301702631428     1368.7775894876322     417.1112059460776     
187.20704626992847     353.51808863294315     53.2911600809144     2343.983932650586     452.46738664297675     
224.0902238606103     304.9168761752909     95.79827293020296     3298.5571187652813     305.421025416644     
387.2570685903559     235.1181025164247     94.03989752217976     3849.071930253784     401.3545937392953     
186.8860228657902     180.70607284132473     84.07991499231119     3869.7995227184024     477.1720815299725     
247.7309559028905     185.13469880095138     46.28613936357963     1347.595927702113     248.1687914545529     
356.508577241693     319.9936707783137     28.247905050705047     2735.4675360808865     390.6308488062142     
116.80419108502701     142.39734352609048     19.628745597730735     1837.1433489484848     427.3308501806646     
179.9789206806597     324.4014436389491     72.94525938365715     3565.6976551135194     398.2767535661851     
254.9431701389441     195.71951889757995     65.65382061636174     1451.3158346933712     379.66536134708366     
175.43682211510173     186.59651842591217     70.59041270182067     2147.2019331625374     184.38522554416676     
219.4902068970681     114.74771222693342     32.463150825803666     3046.2142008517144     211.47334203916154     
256.2625950974995     207.08113589609803     90.85286992668897     3365.2528022474476     207.27808276467948     
385.88741039838254     326.7208273830059     78.95002426045428     2676.501564026706     423.6239402089673     
347.7421402435092     166.92903428663783     47.13472868707904     2488.9352718555765     494.98397703594384     
284.9670904284357     163.43947553400275     84.96508114552014     3417.582307098414     210.61602789152295     
231.17593348437978     216.67801341878805     76.11171529437632     1907.899523750564     275.257031654926     
388.0015466224137     290.43219843205236     55.73446967167756     3525.4631500661158     148.6559326283192     
142.93927963706045     138.53736872838928     63.09237164700541     2136.4350839282897     36.01265441733     
173.3673417709763     391.47292823307515     56.0450934326446     823.5384975858495     141.05006050824045     
112.51790930950659     255.93430747954073     87.8361637439933     953.1287840954448     262.75733041855426     
119.62340303807177     149.35740555521292     30.488423043440694     1656.7704236008058     97.11894859360751     
361.44988972189117     386.65343837023266     13.253094110164943     887.4307436744575     134.01312708244802     
234.3546086871652     194.72803985432512     99.459334340004     2597.880311329292     455.90377435578586     
195.3204153133242     259.8052586867106     76.62383682354644     3639.832043005435     170.5675056070741     
252.05319052834366     343.7277807534355     40.955884432549695     1690.0202483434484     412.65734927710145     
242.8349456030704     324.9175556318436     0.9786016223339189     3882.691532888651     150.1154322240909     
159.2991283687343     340.7816307487045     20.14896429901205     627.1811593578741     152.98816575672436     
192.33240276544728     116.83876511010124     87.21447681879542     3272.6146896576993     348.00348387012195     
184.19475034822267     341.70513010848424     52.12862389288705     3441.987919571504     127.05960325175892     
308.1232675454405     382.0749505291819     97.38802725824642     1412.1888273435657     179.8342524131466     
357.9811988868762     314.91539713077975     38.440553292483855     673.6386080719707     456.93572387657986     
211.41583868193896     110.78767255666514     1.1772807052784717     2764.2751687622062     211.14469282074532     
219.5284744470611     203.50243411977857     10.568091078567054     2333.1004705570585     456.51066788403057     
166.43319726024225     330.0338628263716     43.362711541825284     1692.3287145285556     7.733063078181431     
123.39385179014928     350.47476194676454     19.271129924931117     2373.2715454125937     207.96092499056851     
