60.0
110.43721794447117     394.98243409443535     66.13490438621048     1630.3763035323605     271.7256486017745     
128.68962542489663     334.47317957335827     37.58748450771341     3669.709182555898     275.88948249316564     
155.2243032673551     185.6438273339764     98.89650224188347     2184.861985946107     202.3100751231321     
250.40292012234696     237.01665877557542     49.202525523101116     2573.7645371645463     268.3701543578474     
236.57145567529292     252.8895875674437     35.31983079238016     1933.1460124841262     95.63772453713659     
158.36133368392956     148.88609924684278     17.305042681314518     2162.3084728000786     122.39593180626036     
151.16798067088408     335.65731486014306     57.84263405759778     735.9228331151018     351.6719682869653     
306.0621710662883     266.3890161502779     23.905274911691045     1291.1460313719222     269.29470134208185     
186.17534100055076     335.33100558139256     46.59779782105483     975.5404732153243     454.3071530295918     
294.54601464121157     209.40455435698897     59.263762854752045     2435.026159940693     202.10186439856363     
343.47805405920167     272.02961703933977     12.968896156148169     1660.8537250351562     314.9971711546447     
138.76522134048741     266.2479691713243     26.31316902666517     1664.940407300092     214.00988469800012     
123.6144355475868     140.65265400701634     43.30854086107261     3672.2308216106785     349.0320990745661     
387.2537744023583     264.7916974340463     4.048250031022471     1709.0456724938156     256.8425214382731     
138.65798497771434     223.55943255031156     94.98219692399395     2116.300696235887     313.8921908125799     
399.6734144648132     212.06498262896415     93.7599439226353     1874.3889751994973     78.05801896332372     
106.31705081647311     203.09723412978605     17.534015752513245     2639.5131934233964     204.9854684875158     
130.21736878530382     122.33235344073137     98.32956262904663     2479.732519130018     386.92849083638845     
304.84698451999043     342.5394700818217     20.795031033426483     2246.29818620208     322.6083875465883     
259.5713411703898     378.5912257659951     39.92952210916984     2736.564796444559     234.59140083929344     
328.59963444916536     118.6415780256141     89.42178471788755     614.6604097304863     167.65853682644195     
348.8304799483073     284.6677992628894     60.182873472076814     801.2843358454868     45.124087580449725     
126.68141890392394     141.69975568946683     5.231109752613561     3055.9742383554462     24.97400752615863     
188.5552365331175     390.70160698988786     31.712764991720867     1302.9488273028044     270.1536892577911     
217.70263306795826     111.8744294919039     10.663914522701411     3981.532496886862     180.67601324515311     
141.56230629332958     200.80549467049522     36.475203639916224     1410.209098711146     26.28242674205478     
148.36376389039833     304.22094703172183     49.958101303639424     1144.4662363010893     58.049480891816415     
384.06916482969467     321.01716018407393     87.53651550572071     2781.3674105621403     81.28193140988338     
184.96354549731865     343.3987185736211     0.6427479901325528     798.8521955555565     5.8109747320266365     
364.85988342226585     212.2088909924354     23.066081379594973     1222.1015213540163     118.09038017612124     
338.090342116871     114.88596178438732     43.59830368263016     558.4453158204885     245.58386007768144     
303.0719955084848     396.2168986911201     28.112775393367617     946.4250935123013     69.6327059440136     
300.97172130560176     128.62948625393392     72.29006088508736     1344.2548401099211     418.5274852054786     
132.31164450260383     304.85295746829814     17.88029176669391     973.9804562364668     250.87650556633122     
321.34454042756795     117.7623687718357     63.31568378179018     1355.284726515075     420.85073380364736     
270.8175648272088     177.3679941388974     80.18479523406322     1837.793674527162     113.83518676887672     
101.34248750232364     357.11994929279837     93.86626898264646     2600.79179517064     108.8792280646652     
226.48214409525667     229.9864908104979     41.85334163994329     2194.117490069182     76.93509456337318     
366.7927087816685     160.00715631928963     15.15043653142456     839.4188760537122     86.94165198027235     
352.30446255677987     254.89631996583347     19.10077861666042     1103.8253257037554     192.7744115851242     
139.41618632585488     366.6852887096139     62.6514929239307     3323.020752637651     130.09227608923732     
296.3396876645479     330.0728120961601     93.31667179971824     1262.8299094039457     74.31947642864117     
266.6253586708681     332.4598216036179     87.96979875150942     1356.826094194279     403.09516493483073     
182.9012477675411     245.98722805090998     36.92479983346813     1827.9386079640853     363.50788314312655     
183.7305541858594     338.6051819173126     36.95049127418236     1827.1356362252186     457.65994672591694     
134.58540047516453     301.98580719693945     97.58099413579585     1081.130907837999     154.55766535354115     
233.16684857684626     165.6389044364134     24.126591000205643     1500.831024218131     490.1396354193161     
161.97697860368658     101.24946900247218     39.298408672456134     1577.0797795574701     129.5185707029571     
311.5329996083167     239.0729598492764     83.84854429849625     3453.7914157433547     166.27812362624007     
397.45389133219345     147.01888405153852     75.29264470911029     2789.4192183700984     78.24350606138279     
335.4320555753841     184.58125753322616     28.76453953615663     1097.55807458178     504.6280085417153     
117.56629690729099     318.3930871310284     6.395368474829166     735.2943096559272     415.5074905514883     
274.89220108604104     237.82095755062153     51.81564167581429     753.3520224448039     204.44894855951378     
344.6924181514548     296.61973445587466     80.57913295570496     575.5630519523986     50.95638638618783     
123.0391847738569     267.66263254685936     49.182132694531155     2901.3794550073812     51.74247892996573     
351.1724344257718     223.46514791280003     1.0658106618653074     2431.0483743009463     33.42885468755691     
213.13641063280818     187.4883586787117     69.54135560714353     2841.2392989319283     291.0810647258597     
239.43719166640233     363.99439871631273     53.06656126207524     3380.7719388785263     164.46279739491013     
230.4931510671773     193.11231216074947     55.76442909091084     3039.588727205102     355.5474373973769     
369.7607205205023     314.85505191437437     70.64502734610134     2534.4193141913365     296.9712167056858     
254.38888428208375     146.80946812312476     5.293050827210766     1565.8839137616033     66.91472276761999     
356.59216068487416     354.82948862926924     86.54295439361185     2752.5705017100468     280.6526462667584     
222.33458255868015     292.383828393625     46.714836760536485     3401.291174013225     261.66859369729985     
106.8194896710699     171.82421397461752     67.90605464912134     1289.6310670209652     302.18736636049937     
289.8888192404179     277.08723119986206     94.62517617729685     2623.479855094137     426.09951799515375     
204.077356377777     375.3619569692596     41.35794153489888     2206.980740623128     360.16359970959917     
229.00495017860058     361.8679585641473     80.1666133479813     1868.1404822839122     507.97653528239084     
126.06439771495229     107.73284770304502     11.264045465325212     1159.6409660326003     124.47632490762663     
117.57902313804667     234.67838486412057     58.42753109891539     2542.3185257953614     9.753257000761835     
363.9505670571526     102.88127752898176     17.590666081494312     2746.686326979324     234.14657444049925     
334.5086190733517     213.63336638835725     9.22642211253094     534.0616116949503     483.3527828819492     
289.9363805412403     198.42953328725582     14.594388333449926     1892.5885426904113     250.6205816384367     
236.10973426099633     322.3533455070238     88.0856165842424     2544.9251861597077     307.82976838526963     
109.91784030857615     132.47927405582178     61.58420169299722     3138.4971207572976     478.1253683899431     
110.05839243427418     171.95461736603033     58.10000439983     2857.48786431545     55.11651193049556     
160.49284128052423     338.4372506127827     42.905425951817136     2674.8984227490228     489.0815425475985     
326.95076601871835     149.4058851502434     69.93626558432288     2178.5481352968054     32.12403079496602     
254.13503936038276     184.46843997501514     99.63609320401248     2681.8483415841947     83.40380720019402     
242.87127787920394     345.3363889789399     30.672602797827373     3532.8997154004715     510.1900361407338     
282.6156625145923     271.6124956763415     91.61048505102866     512.684932267547     478.2564620402778     
290.72219733611394     284.2739604512152     57.23694998935049     783.7473320099346     319.7425640789432     
119.46441072946782     149.3699988974989     79.45117856338322     3500.363207196474     193.9732004339079     
386.13690364397115     323.5669285466024     86.76452721096203     1258.5931458053133     295.58118573131713     
178.6590596876979     108.87211373947804     44.272935083641855     3681.8363112855604     52.899890919719155     
304.14690940818986     264.19522997700653     74.52730720327149     3346.9056045855473     230.8673174833831     
223.4868013065157     361.72832504244576     52.40410768572974     860.6745659851382     477.3735808432651     
354.911339203079     366.03311333774496     55.7547962195227     514.6126791542828     500.26069014771775     
159.73434289521822     383.3753853990242     36.4517769554305     1707.7606334795016     349.4128217527266     
236.19598939921235     354.05711702375356     56.546581622476445     1555.432955039754     245.14109458504976     
297.58192477259666     330.2390528401847     47.72550133541207     666.7453593999368     206.46153644902574     
313.29465389774055     261.103615201088     82.36357027718857     2948.6745622282174     213.01271562330936     
331.77801157815446     103.2169465534521     41.654285253057246     2378.259230637342     271.2026586267977     
206.04129068681084     321.11329012114675     81.78082158437245     3444.2601850613164     21.50273262336799     
248.275740760185     209.78337546206123     73.41700810413127     3093.844596457037     245.53801777838174     
140.7308814965081     246.83584884134402     15.106607448850163     2998.665757204129     507.3367048059764     
344.37371156956567     243.22901507715477     99.40603512304722     3757.3447822540384     51.81699672927863     
381.3470948544529     213.62498344746814     59.248853789537456     2888.9160039716776     494.8000944852933     
298.8157766504804     380.94178490721276     28.01699867899472     814.1285571993454     154.78909125647488     
129.62466243897296     290.58680350233305     54.282779766815445     2957.9407935686913     388.9785426292269     
296.9979013379179     270.90944880227676     25.077628537285968     554.0550647144186     146.05464711202222     
