60.0
192.96795681461765     356.501454633726     23.786401060321317     1600.64876829318     79.07766780654606     
180.70892028190718     305.0461999787806     75.30164550319492     2561.9860993052134     216.48274789117443     
138.8415792122373     121.8569136113957     45.840553707864586     2576.5029632857763     273.0709335913017     
307.58379831646766     281.2191280541224     28.315391791975074     1184.2981512125834     80.59501698472013     
261.47922830277616     205.25345172784563     14.684127593058548     2718.5047206159043     493.6405086117161     
168.45238036931545     238.66836171428346     37.38722459648209     3522.8303243506493     372.6299355671733     
186.0165623198606     383.99253817482384     95.13056514058249     3118.1265946229178     233.0748127644004     
234.06519381614686     295.74274897697535     51.97511183868729     2120.222093463468     196.51494941754493     
222.19957208394024     372.3439032377027     20.07746713810684     2105.5011587704503     11.946756822742714     
303.84426492741613     192.6690685181485     97.9580626004804     514.3369431420471     298.1849146787982     
166.09848518865584     169.8528685978854     26.74048766293675     2379.208161628476     496.00338640163795     
320.3247966146531     229.5583661926387     24.074680150467     2655.678766225097     469.1672751624926     
369.84783301112844     102.40882572014517     71.78354252587997     2145.786249144372     148.86331818020477     
316.29687576377796     278.2138100496984     26.49620314886285     1895.3149261995486     183.7706342486888     
186.81945619921174     245.15190873044824     72.0555091578383     2906.673621678211     13.265886123504742     
215.4434775024285     339.5593322726899     34.159694602234545     2705.385476047788     449.4611447392301     
116.21954013944045     313.7110571272683     89.12830784394242     3770.9471883099322     275.1487145409678     
330.30968389677446     117.08091023821783     69.76593196137789     601.569958625715     87.06021707621983     
311.2144423218391     112.60870067596068     22.83476171575677     3428.845967741453     19.520338915212506     
176.08243296679134     203.16909053186296     39.07577052936423     1433.9214825188596     224.85197914047757     
177.8440393532963     335.6648896620037     7.093526323923505     1400.1898142196367     303.4399358924379     
328.01447772656053     205.74560607307586     56.916109129796546     1845.6364595401506     345.05044704172957     
213.62571949947593     295.05583251774385     86.3610603421834     2978.4142372610127     81.91830146038626     
300.93515811593625     314.0606403854552     37.54226484532423     1900.9422173530102     130.84368252949946     
261.2729985235688     333.9327320134669     64.25921206276396     803.4499245041454     391.71229353880346     
126.13272189398043     188.01008901479838     62.91996552264554     746.6094797586509     115.90617312254471     
116.67456457499834     196.23076980134286     48.79461632589738     3741.9451528240006     474.2994959701544     
322.38792933797197     338.6299775892603     81.12288047075286     1625.83445863258     288.3508598316604     
224.46403624038385     228.9744950456935     7.9298647677567775     1781.6469623568564     15.290647466972871     
330.94072933575217     118.40304037274291     72.23780151914636     1748.519034064307     12.078412180123394     
348.3572595552103     192.9333563040278     2.2147585873066533     906.8571987208344     197.66408604252854     
158.97466165117385     189.42155006954977     77.58986098070127     1664.387807785107     436.87385643493013     
257.0785741827492     321.25469494998526     80.18043590540523     3635.926379520907     206.98996030719343     
101.53740998097601     251.99011414252175     4.216820618365968     571.9229978118269     494.89978686865845     
346.2155627823063     180.49484923483539     29.99380069710216     2440.3523495185927     144.75108554020755     
309.84865162074584     373.5593453773973     57.619891308087205     949.7240668433685     169.9400713256893     
108.7438417861181     340.51137795756927     45.530659925454586     1522.2516524185255     85.46342139006782     
215.28363013393897     221.5298179618414     96.99632601741226     1751.4975487214465     369.35986312280636     
195.19958487089826     108.64026132282079     24.932382472260674     3695.2467777232464     75.05069667429007     
397.00543430177885     197.96763251246063     56.32620471259829     2481.272515334593     419.7643857447582     
202.43387083446441     337.56538715431896     8.55403151310864     2959.0905457452222     112.33616646475286     
389.7314314484636     160.07726585315532     97.56533844401274     1042.3869029842826     434.2640124437162     
117.38413379492837     106.83767250278449     34.995785830698736     2494.9697862889225     195.07894149129265     
332.37780321019557     358.77098552476826     7.322836521400822     1948.9931749692764     178.58200093140528     
200.1054079981672     235.09742349123138     47.95032995604368     1474.2041053241778     479.20279958047377     
372.68554881210264     196.18108834698947     72.12367128838075     3129.9268187905454     475.47856640974067     
335.11754471354493     107.11489442579591     92.52581680308714     2404.1964824025367     283.242639921484     
105.18558137332428     209.74341542207546     58.833340671639924     2555.3463206678434     240.60681226338602     
239.57956693765055     148.64486815645992     62.458300927438394     1141.6822567965519     154.0668015408246     
266.2388994795456     289.7369586255952     33.02633681449154     651.0905983079673     170.46555038954602     
204.47487541526607     328.08552015402086     84.46308426801787     1742.6556490609296     67.12276475521804     
150.05963279951504     194.03227207612605     98.79771206392095     1144.6728050945417     105.06831159735208     
335.3909869805211     380.76934577231424     83.45775676035262     3572.3825779124445     509.29994198131783     
301.6979780126287     389.35396306313453     76.34512316266068     2031.6075599961782     324.81012039428356     
363.0554137377942     386.5631524299457     63.39960201234539     547.6027353581801     433.5044464825013     
368.471214561035     334.61267216638316     18.997657194582686     1768.692782174479     329.28026344780267     
331.9313850105822     279.9203086554209     59.2079322311333     2279.8151490004066     181.69986979558996     
130.2631728929563     376.7581709251359     37.46005097610451     1560.187718854712     361.94379008785853     
255.2073647698402     252.65428908446086     82.19180720870688     3635.272056510984     363.98165354940403     
134.88451031910603     112.03396641386377     56.911743863889484     3007.7486305838315     209.1942732452717     
214.69507582926565     140.9691405912717     56.391726042861414     2249.2769944794672     415.72397149788833     
139.15349774728404     220.3006777625778     1.0973323550019232     1960.6404465627588     111.76657077437153     
188.6806402228811     360.6071456913848     58.399294054523054     2153.322587702416     233.4647441510637     
224.81187772043796     113.00006632388335     28.32841842355167     1730.2116560033612     317.3912997905408     
224.78939532369455     206.71249022159668     55.98298729667476     3490.6794105186564     245.47755752320472     
344.56407925571483     188.05528900859554     46.85937471944388     1483.904766962586     292.37113362920184     
239.5014756249376     130.9552960931559     38.97460943586456     3054.864135956053     429.41890362609524     
254.58823053013177     110.18100027878651     3.6862123151354176     1507.1388833082642     248.96432701802183     
283.10341498385895     108.84270899125094     42.42673766544929     1355.0189040968114     31.534645537167023     
351.4193731581405     371.2840398613603     71.54625781442202     3725.1166046660774     171.57226941678562     
256.53072066946885     349.6318266559818     40.41476082760443     2760.1009705644888     410.16174792763     
122.19233743993226     332.38348559084227     86.67693082138328     1105.8089617688179     202.2452148346773     
213.63397059087876     162.9576414604499     97.71985273734535     2940.833140835171     69.16937091003035     
305.3339291836595     241.21684765991233     5.44702610054374     3975.815818307341     443.4444577280962     
323.71057453062235     386.74135902380607     84.99510281599582     1403.955525231424     489.0480432949151     
384.8299764266311     304.81377479605294     24.83898758665327     2364.1865666862614     97.8289427916173     
160.44822534096562     305.13097975016177     15.20237332494524     2510.242609929006     81.07612291288956     
294.517052534468     106.13424059989319     31.283072202773266     2448.254063169172     55.57104302308261     
316.42246792667834     121.56404459818623     39.741519171859416     2997.2302343302094     119.8698621334766     
102.25525382962091     181.6465610416596     18.68446608209665     3798.6543450366635     183.8483799164904     
119.61776304455516     227.38895925198815     41.7172868897086     2474.31626064005     136.15663677893986     
288.55666653277643     251.66042385065134     21.614731157709187     3657.4931662266736     279.2078460364607     
338.6717942318147     271.1273691575658     91.45692084221     1054.9441786662992     427.30010801693544     
314.94325948882386     357.46916137213395     98.34488227025523     2519.522155306538     503.9526033266121     
156.18931759032387     236.13796263164625     41.26928974962465     2694.5111302658634     8.452085068512645     
327.09207848536505     334.9666658155002     33.2761819350209     1117.589853030266     447.0645264700806     
349.98316018427545     297.3182698299361     58.40327498397334     2268.427659561623     390.7076406052289     
113.23902007056451     230.40058722425113     4.787070238625679     2422.864818427144     352.94199057818963     
246.86316133403423     321.1622810271451     48.41064834525355     1080.822437662066     398.79824847072246     
294.3345494756535     263.2530968996358     35.78259836012565     1800.6431588947294     131.90666507963914     
384.93282530153806     392.0198244504102     47.15049934244182     3617.5823683060676     202.17217653457334     
287.4942220030532     397.7907535444406     46.34194762940314     1693.1580338832516     113.51317758747916     
381.53018084860423     283.2600715199263     45.304998369524284     1248.0421764911216     186.28209863748526     
235.2186401831902     318.41990274798684     4.657462432967563     2021.8365210358797     487.68184562909926     
134.16285364654289     111.1435044703658     11.638747400781046     936.4151762662664     232.02690282069017     
329.96513638212775     195.38535920328013     0.6053936128209814     1888.9747063673137     0.06700129589171411     
371.1744846385868     325.9101516423451     52.76750517030157     819.1622122586456     429.07760968551185     
385.66674963428227     193.2568987642066     80.25677047014527     3549.83602759627     335.37274614150357     
293.51463230623455     246.6896646858171     60.6607386847833     2358.5264013445885     371.75716952079176     
286.88170566278905     242.69759364742842     96.71184753543628     2793.6733336286748     368.03250516111177     
