60.0
378.5792075836614     133.88853109482704     35.78222549903737     3525.792234232188     295.21673836985735     
239.40785837563448     175.90418486892747     53.6007503808287     2318.5274241885218     302.90552980000865     
172.50861858939305     393.313926641573     31.388698605969267     1897.9984999888704     187.29392804081755     
328.43680718051655     216.4483086664469     28.23177111608136     3670.1211871706882     487.6681223238791     
265.9495457317032     315.8940810834222     7.319862376891173     2056.058252341508     326.30498306044865     
370.39113660035815     388.87809058511573     44.85362568965795     1928.7993068809114     309.606375552509     
159.92480896507     272.1713543036022     28.143676723476595     3414.1919016700026     133.51724774663336     
267.7458210463882     194.33100703349135     91.3530544458321     1036.4738653986171     371.14791934942446     
291.2864864727763     359.3257750848407     98.49492416172917     2783.0479162841207     400.9839321101657     
346.440094255861     392.8068864593059     42.14101843268047     1685.8578352653853     130.33021806054296     
289.50119968764477     395.09039335539836     97.54499447116008     2247.5915649801336     60.56031066360356     
366.3744629011789     152.76981490015407     86.3968522294875     1790.397857678605     323.6075184414148     
378.0159308347587     159.40314623794382     7.90592029224082     1789.8138326232252     115.56063921453466     
203.80254405957209     266.2690991103949     55.85459554298795     2267.0601451338907     180.31544517018432     
192.47367338540113     231.53422940091477     97.2029067310085     2704.8694633980717     221.9825404479996     
351.79060458086735     230.0531489563303     56.57718327427735     552.029733669352     503.7132210520109     
212.9960325731073     156.1516878379076     28.254718325361427     1807.5295464832052     492.7825586240265     
277.953064979328     332.7771196911723     77.54374346462066     875.9090952004315     418.78320809915004     
255.37202232173735     285.21505716272077     1.766517029649195     2876.5242048748783     46.274083306152704     
343.7475940966218     214.08523249746167     94.7512455310592     2402.4461053095497     73.50883355890682     
373.6917985271861     360.9644164684022     27.278138363191783     3516.2601421994523     62.838400058032335     
300.84952830609836     205.7970237389144     7.923413186403849     3829.961097872571     82.67373014796965     
199.3295969066649     360.53288371881973     41.49835321892456     587.02059945835     79.289604331144     
316.3311390186467     253.54620210391093     59.40968595725691     3031.4375959479094     83.82894506761988     
224.9907080676904     176.47616130715915     54.83054290909885     3579.2814319132294     219.9161621083619     
298.042369459414     141.1000785026819     64.58900537992793     1323.8521015559336     8.459348376056539     
101.75580167015687     326.0914556360017     77.65820751931122     2728.0675193953334     351.9344470484159     
207.91029147829204     233.5052401496067     79.77484077008545     2933.0752490054942     196.04680778144592     
207.8364921447867     311.7861210415148     17.673193895284534     1026.8997003237178     107.33388405710969     
106.71494771168159     370.62517507701057     98.51852432695198     2323.1168676060965     501.1747701070174     
193.43732278434564     195.637324116199     22.121136227710856     2535.077332973281     295.36885005767476     
316.8190721241647     123.21077583837788     78.15944448142585     570.3178133402437     230.54723645064723     
372.22919831887543     334.02907204820343     77.29570298400627     2958.749853221955     242.75872774557592     
346.5734141858253     180.21469697076674     84.86795872158089     2659.218133464373     480.3053253503013     
399.1923663597558     177.92046183618248     48.98663126606533     837.0647242390157     4.495903996673235     
173.6226264856565     321.6527794271287     13.226540837607114     3099.343794680482     422.8152031769338     
121.88605929319053     295.635359412946     17.989433485618566     2995.954368816092     493.5301770316838     
345.71923754268715     316.1451615903594     93.11663555252585     995.3294277454067     290.6736309764778     
359.635993849483     387.50222865949075     14.392882003573337     1639.833331955115     288.9988005124617     
143.22413830896429     228.7383558847305     76.40462447430681     648.098919901659     214.53088360776155     
236.9782942274552     234.33484938089566     2.412208947633776     3986.3010075666944     362.60276633508283     
253.22739952796402     262.3075239741644     84.29515054141766     3415.904733756265     328.9655328635819     
375.42302848970087     158.43871672228073     97.33221378981926     3091.263631638561     61.6929929420462     
181.8460797101581     356.5429617036752     55.45032125276181     1781.7353901859392     345.56158142557655     
224.855592633872     260.04961244989505     80.02827130994349     2646.750108926556     296.12409590074947     
359.1182064082826     121.20049179385487     28.829126382790417     1460.9449712237554     199.0357645164803     
353.5188286216363     162.04504451734152     98.97070827903953     2925.852862417894     340.45895761283595     
155.07166355984464     366.0955548729145     14.014204690573917     660.1751340367018     47.2412881351039     
116.54071533928898     119.28518378826209     40.07689442536182     1118.110092934711     274.1637466396665     
290.7502381388764     157.5840275842305     87.45797109760906     2478.1136857982624     71.63405702295967     
307.60656802812025     298.5982143304865     90.80712545176625     2393.3767448593253     450.5211777446958     
213.6598431250165     170.52718288138394     24.053611365933236     1499.965903302625     443.8284800679486     
179.02296046238763     363.46990896709656     5.11766344253356     2306.621500121739     392.6086744512429     
362.37722987343653     123.69855900990075     49.73846375304558     2702.477474713107     86.6922349460823     
371.67345096877926     110.86381977835659     82.96320211145091     1443.629373868081     436.3388375343976     
123.74935908537358     285.15855048390785     29.049617772591763     793.9052716750481     47.53272460969123     
150.00025476971754     142.9068389292692     43.719904348743746     2396.4678394219927     350.7407504259268     
221.7011302316269     179.38923737936554     79.81889919679134     1494.6416164632003     358.8130208720613     
127.12682750786408     354.73398773262875     92.97950053406882     2565.663006776136     290.87411485194906     
157.3448530473949     229.2232783971461     10.223609269292632     817.5923139027168     371.0007781691259     
322.71578917419754     102.59248187161863     41.508293529064055     1535.8826458222113     421.5119988333928     
363.71856656737543     349.28296662356996     77.47018556620779     3673.4224934671342     389.10110015582256     
319.47467310400555     159.04141377692173     32.697991420026185     665.7911538486603     472.50335593898205     
267.6303013992129     392.4194950640676     75.31215320508052     2762.125167045854     155.65279654711554     
113.90608177783425     370.1214110603116     8.54623491092853     1927.5519534818923     0.033318638154923974     
167.99790606749525     122.34970552204368     23.786158176132776     2368.9462730873574     368.9771154310625     
350.6636860776166     112.76663926544458     96.1445384346936     3213.8307318858497     426.3370933904572     
101.68241187704157     272.3537085688336     89.94717556040395     1376.5963670887793     148.7592653761783     
237.62361447519925     399.23583873639376     17.93308762384328     1891.4103739991695     384.2921409231318     
160.73876910488855     196.73802771091994     45.51612164851298     2296.181111921477     64.11514124977782     
377.6016445852244     333.38308031683096     24.781569849232387     1091.6504060146892     345.2143194515895     
140.5589395617645     266.1868470924772     25.30172756270822     2282.8454591412547     356.64921789742033     
281.8181730507159     365.29386289648403     65.51088081190511     2414.709702496087     472.6146650459782     
107.5557553746546     304.7085271562113     99.66839442279021     1807.4096056083267     313.1443973631076     
126.19937530716038     294.9866786867375     48.083184044301994     3642.057196133873     356.13671783804216     
203.51429353588804     361.4135017076081     2.399888892216162     1138.1143303789245     319.9405370651815     
143.05707013785846     201.02004309990537     13.720673395050987     1760.3883134350945     268.8884889158967     
106.89305596709342     218.7973097971244     50.824456742080535     2025.0173260805614     290.25571645266984     
343.45128557195693     329.1343075413306     47.09197982443448     1839.3920671027643     124.40838426260052     
109.24700271167062     216.70149553735462     73.35265881437822     1568.8061456116163     119.18276144139139     
217.63571523520028     312.36682993453053     33.91826478812807     3870.2993403726414     189.06100073797722     
277.3163802759791     141.0253495550376     87.5290279536426     3283.219528272321     227.3533667676179     
157.63193486029564     254.9675580361797     66.4489759661542     785.9215715147983     322.24688992944425     
252.61118394719026     154.08998305335535     92.76994794319131     2280.48509766505     309.80312655821234     
374.57590822548536     225.15515589888224     90.85344248753017     1074.7567887070365     416.9292805128498     
314.64348031342723     112.02808767797411     1.1722554411677355     3018.9702170584164     269.89300560616846     
298.6197806597877     248.22570990881212     6.344963508670509     2880.200829511976     119.13102066433748     
330.1262044880321     398.59046431854676     98.71208033039316     2465.5610399577936     3.746507273841985     
247.63030449099162     283.3773943932591     20.53657710989811     1504.1360017518837     475.73721828086406     
336.9644440193239     246.4132737444983     30.955872796654326     1148.2928220329545     159.04623369676523     
346.66776372869305     121.15417686704127     59.92368141483492     2505.0495222218133     489.65103391661853     
331.8963671249139     100.3559968427957     41.78249007490462     3580.7879569364154     5.69980255692758     
279.4078693422112     149.63566238868708     38.36079473893825     1591.917297236346     364.5952909263994     
237.06778645839344     304.4636264704143     61.836096173563625     1344.6429140282064     291.332402216452     
128.62408954454366     157.0919342538602     23.8742587971543     3443.621615700487     261.12692450693726     
311.2046018286593     158.08022660953523     73.32658143737383     1251.7622038343636     18.291373879928187     
231.1058548930809     347.1533896133659     78.11759349775448     1661.590365296621     303.23877428385555     
322.6280726921503     348.4844863906351     48.761675951697626     1000.6605565667095     325.3584670042058     
365.6650494939631     124.67387850187538     0.2823697846936368     1452.2642456816875     37.76048832338887     
146.07149703607897     230.15870097631995     29.189983743717328     3981.042290572495     477.15625176366837     
