60.0
310.3609138319857     228.70238502598846     17.71375886687736     3312.2468314699495     393.8953167864856     
141.18824939233767     368.34572886624807     88.20665541196252     839.147934826076     457.86549736695207     
296.0323902389854     173.88827093369497     5.532557504252756     3998.505405122601     129.6936630714452     
261.42183980092875     134.2683715647015     59.55330182392791     3595.398203594053     256.933559114314     
203.2874897029983     155.75194518265238     35.22043148071915     3370.399727990961     139.9657118719369     
278.4341590808042     209.30789812341652     33.777872133647016     843.7112089221487     322.2412422121804     
120.64626054428217     316.1756487838128     97.77234072232493     1158.8417979227931     42.68470893838173     
258.72457843657446     329.14868243372797     19.863364389767256     3001.1143533357217     142.8751494614508     
118.48242933204739     267.16002378369296     92.88417978756408     1574.875759936318     488.1430328622644     
159.99640943680288     372.34435546976425     16.3222510870207     744.0670930392638     273.3376491552685     
309.65989322214597     343.49569320761253     94.49494178560562     3034.2989332319685     282.7848199939688     
141.22578048333435     327.0067675160492     75.17889222505318     597.713459559018     65.37465124531394     
284.6525243246474     319.0802353410314     84.79088583767326     2689.641005230713     278.9133659537984     
310.13568514978164     332.7325746758951     73.89010153734948     1097.0776265540603     6.980503055514191     
252.40836912741483     347.8029189354206     92.82893537116477     2087.0341036669024     348.3688615842846     
244.03657232182297     184.9340686748622     44.926366029353645     2636.8203591600386     43.14560170977563     
118.90883196705235     126.94636557224894     32.56272137533346     1621.9699286722646     258.5946679010726     
147.43883667279613     327.2049152635118     48.23313673091141     599.7529695300564     40.06270603460439     
317.2818977301531     268.00148621659883     6.528825394839178     2212.3174783455233     240.1137723032744     
354.98112310881413     250.57004600586282     14.325853421808809     737.0296972497828     138.18940830822953     
224.95318545893585     388.7498006464985     98.9171497625301     2795.4118219625693     425.82168318812677     
215.01494465106975     232.75081228343703     6.144733694118775     1007.6884746053272     290.27738475642445     
377.84193444201003     245.7127690971979     74.91546690767899     2811.859559526873     289.16825713522394     
253.79495213755987     131.91764188817302     5.869223317653893     1919.5350826860258     32.722941038074964     
161.90285413154749     259.06615052077166     83.35303662798634     3427.4749503352855     460.74806639544596     
145.9833833672845     298.48661651045086     2.592950677253625     774.5153941737965     118.86892137071004     
175.9375536550899     286.52070164850306     4.604262414033943     3149.1694194289425     123.54750327509618     
369.61540636661607     315.7143706355226     51.076524526997936     591.6319513219679     373.69455492480535     
243.7967615726316     289.3185376224551     24.84482541770776     3985.57221223769     310.6064772597797     
185.50318911117932     360.2165377111333     67.77829574625163     1270.7479420986642     69.1678276189437     
190.8007819348312     155.4151032446827     57.03694205642049     2030.7495800256347     173.64379112128137     
127.18359974409577     201.82432276331124     94.12541667478376     987.5998523826784     374.9040896287973     
200.04136287859555     172.32403473916884     75.9765698268464     693.8954855043401     295.76721852095204     
360.0267883752305     107.83546455457791     68.70520737705486     1770.000937038061     100.17483044419617     
245.50228901827043     237.39901241995943     23.445882297538954     1260.7454757461155     216.24328130705828     
251.2981960415558     178.83106674517512     28.9680069594452     2648.24855933354     325.24252827907725     
156.64425229612328     186.10295802875874     55.62331292093404     3547.3782891094793     102.93594111927439     
388.2695998982334     225.62669041037697     92.4382760738076     1079.5141157033797     464.95995641511274     
353.9259079166021     380.84745346548675     10.618339936936172     1454.84936101849     26.939898440770378     
382.5575412251096     283.10137938144027     19.694020697675686     1701.563401734318     210.06688600629184     
287.0483499130604     123.23954283937455     33.088218745082855     2856.7805030245977     402.6312460135685     
366.57075708839375     284.7850910490951     22.921261963444085     740.2624235175263     94.14213578932794     
292.5729421566099     312.20090316634855     95.69113959691677     3671.8171758516614     389.33672308929704     
325.2977875791086     360.0545362100126     80.16873822999348     1497.412743357364     99.2259446097425     
329.7193913845997     117.76597252550187     45.529477812204135     2901.1736554320014     110.582644494227     
333.87865787456576     336.14846568982387     36.068990228381004     1129.6439109884006     7.215054771230314     
172.03444746708334     165.9480004064431     96.19471513539172     1927.8909592826817     511.92565962499685     
300.8805808127793     282.2117603345521     93.36866542421289     2049.1843335184694     17.752599944893348     
377.3542346512807     341.6005178570698     2.561945924189235     3800.7261827311995     27.18954295949237     
228.52869800442676     229.14718383541694     18.799237106312148     1066.8277787019808     80.9847509358458     
182.8722326393795     113.59798435389318     42.67866480872722     3000.727546526323     58.0359574249361     
116.10524248235458     373.81520963336214     33.357469711507726     1244.4920134094682     485.73817920090795     
209.66746150029718     137.00390804540757     87.09412685583938     3243.684571881615     103.68189261979978     
290.28917559563024     270.3846416225206     26.753751031275986     1147.310345536171     182.88475608656063     
199.92632920722144     399.464632604651     35.48922582228848     3005.1186393655257     52.74216661415096     
277.51618530351203     346.39589146968035     13.489177192265611     2905.7491985022275     336.4046879077847     
368.17838002135954     380.32682086631957     19.761996550879736     1206.8181458823874     450.12318704098396     
136.83490229510255     232.0383542829677     32.66458780334482     2519.065324727921     331.43414599239276     
347.71939263787306     399.5793122258163     14.632401537692118     1532.8446150098455     413.1221926410207     
187.7476256652798     263.6344333756386     23.195248136581746     3009.4316591610336     371.89028770997174     
157.26071164186962     135.5048872353285     15.746867939786801     1298.339426661996     426.89624988025804     
353.8666448824001     326.42377341376624     82.65396204442266     3657.890640192794     104.60449619462122     
157.655573330143     212.92205711324272     72.1447454729894     1193.439278035672     466.75613150404234     
249.79357605453885     127.19889237038507     32.60656905904729     3210.2537132419143     230.76384996238625     
300.9316502703117     353.31623933316905     27.315327195013783     3326.4348159789647     259.81266239525263     
382.5281326840306     278.5904275388069     71.21287283810321     3404.1435023677136     403.36092679442584     
385.11382629158516     371.40565155625944     90.00707546939698     2671.45088647363     49.8563744569102     
379.21235670800775     207.95820785719454     39.281054583353416     3763.2609563735195     367.78414762659276     
389.4472964528818     104.35022558799531     33.09502110391143     1155.0360893269822     21.486316248685966     
366.5809739247678     153.7221920637065     67.18574505420433     1587.0206228325726     140.14326725512882     
301.3130562899029     316.6686307334613     93.37465006507365     3928.96823063364     258.91974651892116     
182.77077219250285     339.0600580467638     4.451972142583638     2492.9941853227774     148.9192450317177     
113.73591715781694     199.94443026137557     5.900887294590951     2851.3333606071474     440.1117464158771     
234.98140577752332     330.3908740328046     72.79541525715945     1485.8796111346514     492.5526727995751     
230.978670202434     237.72945837070307     68.7607064221038     2929.739259702606     332.2922258066433     
304.904454966672     138.82660081337332     77.48169994806592     3124.4061379772056     199.1418531519427     
209.04057282239643     156.03088745270767     64.85217508587232     3056.777562796257     431.2878386898636     
343.06135391491927     154.36468269136788     75.5747721855396     1660.8132168324576     169.0095082783767     
372.3676068976168     193.9249846135768     9.798417702553197     3743.143788667604     428.53682826116074     
270.61657565191854     342.26139430830005     36.60015177368046     2565.1154451030307     115.01607420067552     
211.85739968217644     389.8908012969643     94.57137627487843     3424.940825369785     507.0276817624103     
377.44994980519084     260.70041462606025     59.02843624316141     2326.7771298568396     339.6480074149991     
311.1111650689372     262.3025576045468     19.319723127934207     1102.5887776219056     94.99547373789136     
265.05870994773477     190.1757184121854     81.5266090580968     1612.8598775449434     76.59136817720423     
176.34567077448236     309.25077948069406     94.43203778988311     865.5988119184246     418.5949440522705     
246.18020643361285     114.25066983059588     71.92986038726711     3447.037870717249     276.21336631968063     
223.61233545498362     347.7561986980229     15.72768394997739     1443.5814934926366     150.43513623743053     
386.0332930836383     254.5322646323504     99.21823930826015     1055.6625348381976     203.6192630516611     
297.85067889816963     356.96219384274633     4.123080189752248     3214.771988774081     336.3076423102481     
126.1090973270089     390.4945378648563     18.36629183671228     2582.5461859212087     239.22694501318614     
159.3866646532172     177.69329062341862     64.00234507433929     3631.7903366363657     372.16931455808606     
186.0284741980186     167.5691450847073     87.7581438330986     2735.2522999315893     507.60839817126265     
352.0202031168772     112.68877293716332     38.223186242818606     3315.205886736372     247.9497472755951     
124.83802534908415     399.75282306256645     20.976019022744687     1754.0569118558458     45.18511415460324     
294.7630629100024     170.88943114921852     77.16834735814888     3510.8403141070085     268.54500933835453     
185.14214278289302     270.60683194939594     65.29026909921463     1856.6828454055492     129.73359389230154     
278.21031097036894     325.58623782187374     52.02944579004307     1840.8954799824874     435.9313739804861     
233.75406133582538     348.37591478918193     28.27946170398974     653.4055616741499     121.05746161786874     
162.76321667966008     222.43509640099887     12.665823093611817     2553.3964033442376     36.18620845263047     
285.37308106299105     206.15567462892074     10.928044748850517     648.8707373587965     265.1145581358027     
