60.0
181.99307104369666     213.04915144504702     51.03751493270017     2072.1892420148665     507.02956901983384     
227.028207781432     187.06957736581379     83.15516913015844     3074.021117597567     299.58974890966294     
371.6085845840442     377.2729424482492     14.735956620472567     3031.3212245067225     89.99555304504275     
212.2868439191019     360.4370603778833     18.593374737564872     2837.466926765436     51.09613890667322     
295.6302495215227     151.050335174301     55.085122382410944     707.6626590298949     219.13639815406077     
155.31473087998728     284.6325076321888     78.09969641523729     3916.552831698555     110.14954107626835     
385.8291502875241     198.62005170999598     81.39003479895723     1970.1832325356993     186.3534331709792     
360.6175082952924     203.11373978322115     17.06463083943032     1104.0172802023071     391.8696048034     
193.62292451652195     115.22755339544916     74.58039555465756     1144.5455508756313     77.45855872879565     
393.9478873395211     308.8543063568092     50.78529385902213     3412.688008740887     499.1655701301799     
229.2589162271396     244.84544629152012     44.27790012068796     1170.4570062370049     227.20176652488647     
371.1333123367038     347.65756711510505     79.01893913474416     2264.8848876117036     418.98339046006953     
176.84467151574506     359.31798658115434     68.65168859187358     2902.6738045379448     167.27194388306447     
140.72233763394428     101.31694241994201     66.5942690644384     3678.499493624746     190.4020800955389     
180.9159660108751     163.12935187293078     31.052894484992855     2307.123920730353     345.8827479557902     
239.8339719854897     260.0443013456421     33.19902615133119     2322.5674305436733     271.60232171752546     
341.5452553393834     386.5803381273706     43.87519610148001     2243.5418406618737     227.79178848768055     
139.9858736125219     241.3524113302969     35.99856654969312     2085.7488911625233     38.10736068004536     
200.4506162353146     173.2685279409632     13.049591435217135     3231.6484212861114     139.2440913975655     
157.96044408445812     238.41201309132552     44.853783652113975     3803.0188533028213     334.7293342307549     
386.3969228525476     109.60164747398048     93.0205208037127     943.777393179967     67.87935185356275     
199.51853083351094     260.10113024778957     96.851733427629     3577.1624343380086     26.843983831783476     
324.05569004113204     149.7693837000716     41.752411581352355     863.3976058841632     227.5978639005811     
105.49845320919866     331.25507148150086     5.204965623668167     793.8942717806142     25.46170246706646     
154.51272683360995     110.23017848886852     45.87823798342263     1017.5907218874291     57.24115780850639     
290.9942866277556     202.1780403292281     88.19481817172523     942.5784672844766     107.56571241416623     
149.32664368567532     155.34744078380714     17.93493091729632     3439.5423060269395     136.21099529578277     
130.2772999492227     266.89627017563726     72.92129428415508     2472.009629697149     54.845546436219934     
103.42678608429712     118.28381373439377     98.95718602105953     2512.755142462659     222.3241707473636     
250.23321602925228     228.9619339372338     32.68128582842868     3034.407418656464     194.76905290842672     
218.61440805596345     357.5196715256356     41.55641613606613     1396.1909345534107     87.7807550622166     
321.5963223581092     399.3365070218993     97.64449647660308     3025.9467909187288     456.4065185815456     
340.85091758504535     284.22613960495084     19.84309932679784     3844.032139725101     408.60970407967477     
284.3700144098619     253.9101916853769     68.26122080640269     2642.540635948514     154.04760224862093     
116.1755344086938     214.9564009930266     64.8185608311752     2016.3002082277753     155.84810903991394     
326.6670721720973     157.90566137812138     86.9594952539149     3332.3692711981053     24.934909885774573     
105.72117149818669     249.42054069576346     66.63914372149043     1889.1846828026933     47.50960688563822     
255.85766150439127     243.56290703463355     33.92521546851869     2787.4229534713672     433.87748490313356     
247.0608717198676     397.11526542077144     10.726767013440375     3514.5739503379427     233.60226050824758     
119.3896187868273     367.3376836005597     0.17363391247321447     2744.127918552265     497.603302881472     
312.6220268355685     317.86539652874615     23.16275227618333     2255.827467659596     158.56745637599505     
147.8930004938681     208.03703045729048     19.093544772554594     1525.449834220789     187.96170267582028     
365.19587819081164     199.40992187186905     25.0667473098094     2436.1049856756626     21.029416138546026     
314.0868807399254     380.9669890219547     64.86745142493575     894.6199522002914     321.99483581427234     
113.12524393681001     305.4816096472943     26.452130256874174     1732.343142497844     310.16808865659414     
122.39407981447069     341.8229447949005     31.646307456276503     3993.1754063553008     214.96187354052086     
164.49212454849888     236.77189020160966     0.8986132164963578     3123.9331015332036     205.85888162081096     
321.80128305544093     242.69254797853364     15.40217257080001     3516.1285140330015     384.12022586968385     
259.90457931643596     287.0665786604861     54.639696977137945     1462.9501158213488     314.4586081702812     
260.07690121972587     259.5825424876589     25.625481195902566     3846.0169193354345     314.94509944454376     
340.09164126870854     140.94415334057487     51.48703537835555     2060.9843202029824     386.25971732902013     
273.61373818508537     363.1802175370601     46.41678714056843     1910.0059724077996     398.0017546649904     
388.68676681399006     176.94677434045906     50.378567488758044     835.7366024987083     28.683904407693774     
222.4722986081435     202.40957924652145     56.2998606502056     3973.2153246662097     262.37451373675054     
166.98207416993796     351.2008843183147     10.027459415835182     614.0256578394047     119.74088294645532     
284.17507224250556     362.4731511498331     58.820166249950134     1393.5755662840334     42.90216383912656     
159.17345466858688     367.153901375044     77.76220294944477     3943.081563078013     167.63984089122488     
397.8916493171113     267.649970527663     97.56913891588198     3393.7611023967697     379.9712047189556     
330.23264054078976     274.41776838262524     2.594768102582079     1601.3112720356303     431.2082998543003     
299.24583634939387     294.7542813067607     50.88140402818282     3782.5129534145913     254.7768267372387     
319.0179107986985     106.61772458941702     49.05614753376955     3266.3647798866023     4.447299831902171     
187.3929840359342     139.891115239927     64.5934390831202     2557.817490290432     306.2759581663685     
374.9874677239237     198.52333465564072     74.43218429977586     671.5155371803355     285.63158528021853     
363.5206275026223     231.45411640634356     72.74416830497971     1248.2310471775315     39.02706696890505     
174.76462582716252     336.4116308663149     11.564761482849061     3951.2215785367284     89.35003653750778     
252.71718424527364     172.11635729404455     33.06984138768322     3894.8747260587534     182.23886193170495     
125.11457985704666     173.341657753494     49.014629839178994     3719.340030565276     263.27391855591253     
259.3686986058355     336.2213326542918     19.038528362031503     2717.4286620538196     212.13293233314607     
270.3590395080417     399.5048284997028     54.58471010325322     3675.8300512314113     496.739720880496     
285.95673812025314     384.2821765377256     35.737516338708645     2363.4408046827516     242.66475004092268     
247.04562990998897     224.69273839716152     64.26213242093756     2472.84977441186     479.9379399438889     
303.3530211092242     319.47276753120053     81.23638212813376     1355.4737994170614     256.24351633535366     
387.4090186871739     318.76814770236604     81.65090819408412     672.8232886950807     83.11104726087467     
370.3877405104102     211.71258849744927     46.478368981298104     1967.5244578868712     334.84284644721714     
109.85306880672849     141.34692336023272     60.84532029329881     3469.137794852098     247.18093074123817     
245.4954426360844     111.31383111023194     18.99424130279348     1596.6806392183692     143.30285798692347     
191.8287085062774     284.1483865293094     94.15952184330995     2445.4002008120096     139.1502563532544     
183.438459632758     347.7168521433023     32.79008172754479     1212.4913998886796     231.18851809565194     
113.99828855024089     370.03558233745883     93.71640207708201     888.3344073520921     363.9523301672354     
196.236111340771     139.56929870391676     37.949835728215305     652.8004003799354     321.7896505892095     
258.8197991964738     108.96905898715306     48.956508201282     3620.061829816835     231.65993178950788     
146.18613100410954     283.72330764644585     68.44375221875057     2777.0719104514283     387.22544163040726     
129.4458846083086     271.2003891465563     99.81548583269958     2141.270288034665     359.6067643841547     
207.89064137817735     244.4889119822864     80.28658162936102     2446.183061728001     203.64882614908709     
212.34434748253017     206.23343432953348     84.60911662776749     3702.1349697232113     251.523481182696     
149.06632785030607     255.9839694579922     49.79839520131974     3779.373375199918     508.7361944417972     
198.97592987917244     127.51922667379273     82.34345362667705     2703.2706547663206     116.7456618292581     
261.1392135000756     103.39134199604352     43.85270075803219     3476.0780879400454     281.4931795642565     
116.31753819092634     198.5986447392997     58.831665289736165     1245.8450252226348     88.41224649578044     
380.6473160025032     260.5410844899015     51.52974272484513     1412.7008845648938     172.40939743374838     
224.5379668115835     158.47718024145976     65.05904084085398     3455.602125800713     234.84062646716103     
152.687056299567     277.0842319676349     45.71936012479342     735.4298674146755     86.65314376514368     
152.69800272014186     210.3577001647796     2.915793544262868     2618.184460923226     397.43838453754717     
255.36484567424912     397.65874928337774     90.440971028234     3421.812197981228     288.8116213894692     
363.3769838393311     177.35645013392565     28.74917046275226     3237.0087796559696     476.09166276536314     
247.71629249038358     325.3473162758263     36.78489608316773     951.2854028792883     159.1527838241406     
116.47755788275799     196.30913532239333     78.0193423097068     1125.1773565438555     335.45672087108727     
277.03067922345076     153.3092021965919     39.558090529411935     3881.933073245839     229.01206935354236     
216.42345682539388     231.99960932260137     66.33798991217628     920.5702471753591     183.47341358623623     
250.104706023     271.089888526643     55.379832601471165     3124.5664406162605     113.19024300623096     
