
200        7190.129656818283     7184.830872333059    7161.100909555364

200        5433.520875374671     5423.483609680059    5404.038446187586

200        4388.449920406133     4378.867365476201    4359.806111868127

200        8595.959528038502     8593.109216493584    8565.629437673746

200        3668.7391816036393     3666.11366688824    3641.3120534470986

200        8505.984994076307     8514.039644298591    8476.463686506266

200        6699.468139589686     6693.03197551877    6670.674167435609

200        8372.712083328255     8358.819638715184    8342.451516682619

200        5934.322747382522     5922.0926156825035    5904.546175799217

200        3479.1246422769336     3414.51665208574    3190.7761191742466

200        5220.5926942883125     5210.1849294023095    5189.6023697486435

200        5496.399076208477     5446.653637344354    5467.21452992617

200        29490.27515942615     29483.13487022264    29461.135731239377

200        4967.601012640389     4961.3692517406    4937.016457650286

200        8130.0792977677365     8123.4000238773515    8102.874693870626

200        5283.644484046972     5278.9209930819325    5255.5207152642115

200        10065.782305443474     10064.221405029566    10034.275419924905

200        6050.487883752929     6046.216425658902    6020.158799345693

200        4789.005870630921     4783.903455872705    4758.698057410715

200        7268.922043107329     7265.84033430067    7235.540923130595

200        5801.870803815283     5796.936908592414    5770.989538509667

200        21063.522950605697     21059.83025833853    21033.748914791915

200        4932.053410542103     4923.968573671585    4902.464197387494

200        4977.209034555435     4969.3307355522875    4944.729590710789

200        10257.423321829081     10258.995394093365    10226.046493715186
