
200        7198.281688029235     7200.290937502846    7169.744474245257

200        5437.592961630661     5432.240263931259    5409.636263366715

200        4396.316458544327     4391.2259499376    4368.995932200731

200        8604.398569458428     8596.51468175487    8576.896953405769

200        3684.9628485604567     3677.4247958656965    3657.131615919369

200        8515.494908939989     8507.663999176291    8485.779246104803

200        6724.597053367523     6707.093389377694    6695.67781928509

200        8372.311675508845     8373.06802387823    8343.938696989842

200        5942.346973130626     5937.146794169538    5913.811264415212

200        3595.5467963522738     3475.5009765658397    3310.44677774555

200        5226.857853854681     5217.297167721768    5198.509987798669

200        5517.148034761322     5511.806778689159    5488.495803722776

200        29502.164737970015     29493.297076378018    29471.830099853643

200        4978.371038007078     4973.197278670109    4950.425750475886

200        8146.094287123583     8130.610430113492    8118.565952192071

200        5288.682393432041     5280.320245432481    5260.664021760572

200        10083.807160611357     10077.44897973429    10052.768209038859

200        6068.201658678748     6059.864700432825    6039.882559037608

200        4800.908245639392     4794.844786411965    4773.058146650909

200        7280.253322537263     7273.271423868802    7250.938811608218

200        5826.337596559375     5815.281287023871    5798.328853722274

200        21078.728036507087     21076.29697293409    21051.143559671924

200        4943.720254543958     4930.931820170146    4916.679141745473

200        4986.130937144351     4978.489427215439    4958.136439175553

200        10267.861815585504     10265.647674491378    10241.018129957916
