
200        7196.874375901291     7188.875347813128    7166.722821007976

200        5431.913345653503     5426.03748057016    5401.764052972919

200        4390.637920408164     4381.306309374456    4361.475815103318

200        8601.507607711974     8592.802421051165    8570.70966323146

200        3670.7906886698047     3672.533043902013    3641.020906540909

200        8512.608818737268     8505.160578002047    8482.49843532447

200        6710.04652906018     6707.047575465816    6681.136064228856

200        8368.246868813672     8369.471107175188    8338.91256585752

200        5933.874326809914     5931.25075734304    5904.299703628962

200        3516.0252940198884     3438.94274308335    3210.5914278484643

200        5217.287153726735     5208.057905715154    5187.141046917571

200        5502.964687176006     5497.556969514341    5474.430633897189

200        29498.679636443812     29487.2502223156    29468.71000675762

200        4971.882101235284     4971.164330797095    4941.76482910825

200        8133.197927047139     8130.532020356652    8103.979505978814

200        5288.7006513819615     5283.2680786161445    5258.4182392551775

200        10079.525451930118     10063.723330973724    10046.942035857328

200        6058.039078880545     6054.458890446234    6028.403464769531

200        4793.922589226816     4788.935278068458    4762.873522794736

200        7276.379522215452     7268.755145294787    7244.323224109678

200        5808.994468726981     5801.456984228995    5777.668803022183

200        21069.91779961604     21068.447307253064    21040.77158161169

200        4932.802828790153     4929.906485060063    4902.626138062332

200        4982.997767974805     4975.5402419031725    4950.480837279033

200        10262.15089581844     10259.801586353087    10232.488534497144
