
200        7137.101325717046     7137.101325717046    757.6233529215024

200        5379.637830860811     5379.637830860811    155.0623010163572

200        4334.643709780298     4334.643709780298    1057.6003995953422

200        8541.057076277986     8541.057076277986    5305.577793904485

200        3620.0399643121214     3620.0399643121214    483.0826257941117

200        8453.765050753445     8453.765050753445    3641.4680527083033

200        6656.21114769928     6656.21114769928    656.0566741976343

200        8313.340008045265     8313.340008045265    3106.5852989057116

200        5880.902314879031     5880.902314879031    506.91474288448535

200        2961.0150314279135     2961.0150314279135    460.17322270319926

200        5160.2797747124305     5160.2797747124305    906.6195704995808

200        5448.82495896349     5448.82495896349    1008.6127572130335

200        29435.200655517823     29435.200655517823    344.45804071291656

200        4915.1870444953065     4915.1870444953065    1237.56624079028

200        8079.5430492290125     8079.5430492290125    648.9459631651238

200        5229.637534755051     5229.637534755051    916.6138604634466

200        10016.685869221817     10016.685869221817    629.8423671814938

200        6003.111126911593     6003.111126911593    358.0209276922547

200        4736.078225359945     4736.078225359945    362.7090219827896

200        7217.44587324021     7217.44587324021    395.6839053233092

200        5752.646204198947     5752.646204198947    376.5862394950759

200        21015.468122913095     21015.468122913095    2752.9633639833783

200        4875.913823662805     4875.913823662805    357.4003010001132

200        4924.446888845248     4924.446888845248    164.9338265210528

200        10208.71365456537     10208.71365456537    6286.723194590064
