
200        7135.708638173758     7135.708638173758    527.9258200499997

200        5379.810537310188     5379.810537310188    662.0295484062739

200        4331.838368722441     4331.838368722441    411.67456552287155

200        8539.57827056056     8539.57827056056    373.3681584653301

200        3619.6044812872747     3619.6044812872747    501.5225064594079

200        8452.72893467739     8452.72893467739    775.4081778705586

200        6650.60492311927     6650.60492311927    649.1338281779924

200        8312.732636637857     8312.732636637857    1198.3148517184986

200        5879.650020222034     5879.650020222034    1554.6139082964487

200        2948.920884139897     2948.920884139897    405.05850431070354

200        5157.934704085743     5157.934704085743    977.8318760590618

200        5446.653637344354     5446.653637344354    812.2082635554685

200        29434.245688154795     29434.245688154795    400.5599577129182

200        4912.052845557982     4912.052845557982    696.198174223829

200        8079.459673494967     8079.459673494967    2365.487994067141

200        5230.166213646501     5230.166213646501    1438.3075651358538

200        10015.427499533425     10015.427499533425    635.9030136437989

200        6000.751346505239     6000.751346505239    1903.8371318101213

200        4736.837635432331     4736.837635432331    930.4927044239253

200        7215.18206144786     7215.18206144786    1718.796913546343

200        5751.276569067689     5751.276569067689    646.5653316555739

200        21012.251534262134     21012.251534262134    3314.6040559566936

200        4874.1239852069075     4874.1239852069075    592.4229734505807

200        4922.649432110122     4922.649432110122    1564.6276016189768

200        10205.478224053028     10205.478224053028    6536.561966969342
