
200        7141.103057334366     7141.103057334366    193.81675339781972

200        5381.839508312855     5381.839508312855    148.16076560799206

200        4336.706615234627     4336.706615234627    847.9555600000731

200        8543.587510036708     8543.587510036708    418.2373057005168

200        3621.9710915486107     3621.9710915486107    278.2007245279277

200        3621.9710915486107     3621.9710915486107    278.2007245279277

200        8454.511561381501     8454.511561381501    506.0458394709532

200        6656.896226086176     6656.896226086176    322.8093978804267

200        8315.99805235002     8315.99805235002    2780.630151987481

200        5882.889113342794     5882.889113342794    264.12523000649196

200        2975.7439586588544     2975.7439586588544    229.79934205031384

200        5162.472483655159     5162.472483655159    662.7674645675036

200        5450.378431402827     5450.378431402827    56.002237831562184

200        29437.120757425677     29437.120757425677    269.8121185112874

200        4916.924067550637     4916.924067550637    1124.4771141710232

200        8081.765044345741     8081.765044345741    654.7930072854202

200        5231.608620051175     5231.608620051175    236.17730250054242

200        10017.67614534405     10017.67614534405    346.5107648883998

200        6004.928544282611     6004.928544282611    211.87908981336716

200        4740.361320492051     4740.361320492051    842.1131434523462

200        7220.013085143372     7220.013085143372    309.00695257750743

200        5757.131131328435     5757.131131328435    297.7384834713229

200        21017.555630545703     21017.555630545703    2601.1932790707783

200        4879.357822784126     4879.357822784126    264.12639147601016

200        4929.349657850497     4929.349657850497    87.15922453390466

200        10211.027287805573     10211.027287805573    574.1138835375799
