
100        3298.035262081622     3297.803780053316    3276.99971158147

100        2266.0545944431583     2260.0486559457518    2244.90344223117

100        60698.159823622904     60693.10364671558    60677.05081694241

100        2300.0466846370723     2291.757504725172    2282.7495555722444

100        56046.688851448416     56050.501776944904    56023.339481706214

100        5713.008662584768     5704.413407980918    5694.426345755399

100        5593.694033795543     5586.036603118228    5572.264849000747

100        2041.9587091306103     2039.2455117277316    2020.4054211150565

100        1842.4505401896622     1839.6160523171584    1819.806382508716

100        1851.0000113185133     1838.4465783113892    1830.393381905515

100        2747.4082806927377     2744.880187591032    2728.7383706663763

100        3245.488358664917     3244.241520648008    3223.865335406682

100        30425.212056096676     30422.1764079714    30404.470441806836

100        1956.8433711401626     1913.9266524870109    1935.4778701283185

100        2985.1624825966137     2984.722199167448    2963.0440140054347

100        3673.9322936060994     3669.4281846761    3653.3781540118043

100        2109.6717560188586     2101.0059523048863    2089.108692049747

100        2471.542547392309     2465.4763351236534    2449.8049604089697

100        2013.8055828302456     2005.9860645035146    1993.477381405963

100        1797.479110205311     1794.3688728132206    1778.5291400123128

100        2515.8610366757775     2511.09587326155    2495.9186448869687

100        227895.0874875235     227896.043614936    227874.78593232788

100        1868.5010674081714     1865.5881876567448    1846.534088532689

100        7962.307359269337     7956.4570537145055    7941.99959478671

100        1797.9329990386398     1792.6227503901525    1777.513714973611
