
100        3289.1749564886795     3284.3373431106565    3265.955280914004

100        2255.882785340798     2250.8332376917706    2233.0830661234545

100        60687.036542962145     60686.30345840549    60665.21818606423

100        2292.417480026975     2283.2231143028785    2273.3118419623943

100        56048.6565470536     56047.970734089926    56027.404940457556

100        5707.653512529987     5695.7261139274015    5687.005283435646

100        5581.12091779903     5577.00044806168    5558.484251838081

100        2041.2705639935318     2028.715317132379    2019.1041678016918

100        1837.35737895837     1842.2006358980725    1815.559774135898

100        1840.5986412711975     1834.4581212308228    1817.020270774828

100        2740.8590822503925     2736.7841701755156    2721.4411208456618

100        3240.226153244807     3234.1259821048616    3217.7101821632486

100        30413.73246574516     30411.707223118447    30392.845756770526

100        1949.259002378323     1942.54044469946    1927.1282387739457

100        2984.054411299428     2971.6077298553373    2961.318747515072

100        3672.1966299236637     3665.9924327686417    3650.251391321883

100        2101.9425086460624     2101.5792464652222    2079.4775290339635

100        2467.4505161693783     2456.78925281999    2443.8338696334367

100        2004.3991818274121     1998.855302565695    1985.03083909825

100        1788.3638981355036     1786.5192383010851    1768.0728940445972

100        2520.3207092544853     2508.4360449340934    2501.8345990269654

100        227892.85581389934     227889.52356125411    227871.2241972294

100        1857.5287089732835     1853.6947761500194    1834.459079005197

100        7953.639293045067     7949.8169035132505    7931.872334419391

100        1794.884245506557     1795.3190532297917    1774.8803965379677
