
100        3288.9881440783197     3283.782714334909    3267.415177198064

100        2258.4913972185627     2251.4857007034216    2235.267891029547

100        60689.96238729719     60687.45787373208    60667.58910922468

100        2294.054842448118     2285.795304662532    2274.333864124708

100        56044.347625114104     56042.512249828185    56023.516796979304

100        5701.408888456111     5706.7999123782665    5679.899774032984

100        5586.5961529894885     5583.472855520694    5565.895923167574

100        2041.8605909916723     2036.1901500287377    2020.1860810204728

100        1845.7858042039736     1838.217298179219    1824.5316955201379

100        1842.348853797321     1837.7094990369992    1819.9551744023197

100        2740.891936324705     2738.0979510118555    2721.074647816849

100        3236.6874183044333     3241.183575617201    3213.624381231793

100        30420.72457624918     30416.74873360937    30400.841058678772

100        1950.696938107887     1946.1985853086574    1928.1278332766174

100        2976.2286089622517     2978.5184314218823    2954.154935200104

100        3673.8507106540183     3668.0493708545655    3651.7608527792777

100        2105.67579515245     2100.0969784645613    2083.1123998588655

100        2468.171490336183     2460.5116932581077    2445.1517313452055

100        2011.8452307183725     2004.424546989885    1992.5406544025884

100        1789.7513209684448     1787.8566804133616    1768.857728998188

100        2517.2792103839474     2513.27591004629    2497.1354954683156

100        227890.12587858716     227892.71801716153    227869.03033918364

100        1867.5682471094865     1858.8821852986841    1846.0995308810202

100        7961.819313241119     7955.635401765565    7940.175709014462

100        1792.4401974047782     1790.1160137174436    1769.958011708411
