
100        3252.138165620087     3252.138165620087    128.978395221318

100        2220.8868782177733     2220.8868782177733    109.38130895623021

100        60653.32648128964     60653.32648128964    205.75882885321178

100        2254.3487311546787     2254.3487311546787    329.4849961789132

100        56004.022129471334     56004.022129471334    40.72000568030311

100        5669.352523323298     5669.352523323298    174.73622078378193

100        5550.714704427578     5550.714704427578    138.91516933550037

100        1999.8874206037997     1999.8874206037997    144.46666459067006

100        1802.2980654825942     1802.2980654825942    119.54859377009772

100        1804.318593131577     1804.318593131577    153.4446394831952

100        2711.0764249931176     2711.0764249931176    354.3602950478028

100        3202.869566845191     3202.869566845191    166.03613512515832

100        30379.1702326929     30379.1702326929    28559.41260453331

100        1913.9266524870109     1913.9266524870109    168.1882302086214

100        2942.219108954924     2942.219108954924    53.94156416795978

100        3636.8404982385523     3636.8404982385523    187.3536081791519

100        2066.8378064366457     2066.8378064366457    110.76888375472875

100        2425.396147210193     2425.396147210193    165.26091497512655

100        1969.3504897178998     1969.3504897178998    170.81837476847736

100        1755.9344877577828     1755.9344877577828    127.86448119678315

100        2477.350530610018     2477.350530610018    150.14852388701516

100        227854.29628918972     227854.29628918972    115.02709113295879

100        1825.6813295182046     1825.6813295182046    322.47167090186593

100        7920.568608959598     7920.568608959598    1293.7004086654983

100        1753.8132200894254     1753.8132200894254    207.61270706608104
