
100        3251.2879321596647     3251.2879321596647    164.29019775176542

100        2216.146615934656     2216.146615934656    199.81360739089033

100        60650.19871156433     60650.19871156433    308.7636487745687

100        2252.1708832242734     2252.1708832242734    316.2525598416401

100        56004.771893211066     56004.771893211066    443.8158034055373

100        5666.330688110465     5666.330688110465    271.7220058233431

100        5547.597650187568     5547.597650187568    109.5619121675559

100        1998.2911879104017     1998.2911879104017    185.22356312292268

100        1801.6941106400761     1801.6941106400761    211.1641206252515

100        1800.1506770677106     1800.1506770677106    216.71936557547136

100        2708.2723143006774     2708.2723143006774    204.94517736320608

100        3201.452207908515     3201.452207908515    275.8174003605567

100        30376.407962279347     30376.407962279347    28529.770834444214

100        1910.5382548782688     1910.5382548782688    169.88659472007166

100        2937.933667480853     2937.933667480853    875.3179906221777

100        3632.710749058433     3632.710749058433    949.8603687595263

100        2064.331746870252     2064.331746870252    264.4552634003611

100        2424.013418059997     2424.013418059997    122.97837436241812

100        1966.8603573049058     1966.8603573049058    371.14386360817934

100        1751.7942336008527     1751.7942336008527    164.18513937168223

100        2475.395386465536     2475.395386465536    958.2960850024806

100        227853.85212359074     227853.85212359074    236.44104646979542

100        1823.7252640249374     1823.7252640249374    199.0206506749982

100        7916.0609367882735     7916.0609367882735    1387.4814320212552

100        1755.385100889011     1755.385100889011    379.4669763093672
