
100        3251.8534279498213     3251.8534279498213    94.8649606052506

100        2218.7381547999853     2218.7381547999853    195.8299927979323

100        60651.5659854501     60651.5659854501    128.19119198681838

100        2252.969348751859     2252.969348751859    243.85576008302291

100        56003.991365584785     56003.991365584785    384.88094962097

100        5666.617921539051     5666.617921539051    200.75502240146005

100        5549.424820999502     5549.424820999502    552.1916091139562

100        1998.4183716140471     1998.4183716140471    246.79984963391078

100        1802.767707803057     1802.767707803057    291.6808904493393

100        1803.191454819679     1803.191454819679    220.23709816876104

100        2708.4914551210654     2708.4914551210654    308.7627772857862

100        3201.670869846679     3201.670869846679    938.7549543607398

100        30378.77572905032     30378.77572905032    28436.263009698072

100        1912.3221786591964     1912.3221786591964    149.21210649653267

100        2940.854018879048     2940.854018879048    108.38254439970244

100        3633.624676960064     3633.624676960064    396.32113153293125

100        2065.185799913014     2065.185799913014    176.47302034925235

100        2425.9886491310735     2425.9886491310735    109.76711328618548

100        1967.7449714735408     1967.7449714735408    386.9233377288706

100        1752.5466184756283     1752.5466184756283    137.1230289548743

100        2477.5948762695066     2477.5948762695066    558.672863548632

100        227852.37942502237     227852.37942502237    220.12454458727106

100        1826.7202710738507     1826.7202710738507    336.64461249009327

100        7917.974608541399     7917.974608541399    1263.895420309119

100        1752.2876073203474     1752.2876073203474    85.96419326047851
